/*--------------------------------*- C++ -*----------------------------------*\
| =========                 |                                                 |
| \\      /  F ield         | OpenFOAM: The Open Source CFD Toolbox           |
|  \\    /   O peration     | Version:  2.3.x                                 |
|   \\  /    A nd           | Web:      www.OpenFOAM.org                      |
|    \\/     M anipulation  |                                                 |
\*---------------------------------------------------------------------------*/
FoamFile
{
    version     2.0;
    format      ascii;
    class       faceList;
    location    "constant/polyMesh";
    object      faces;
}
// * * * * * * * * * * * * * * * * * * * * * * * * * * * * * * * * * * * * * //


2460
(
4(1 12 34 23)
4(22 23 34 33)
4(0 22 33 11)
4(2 13 35 24)
4(23 24 35 34)
4(3 14 36 25)
4(24 25 36 35)
4(4 15 37 26)
4(25 26 37 36)
4(5 16 38 27)
4(26 27 38 37)
4(6 17 39 28)
4(27 28 39 38)
4(7 18 40 29)
4(28 29 40 39)
4(8 19 41 30)
4(29 30 41 40)
4(9 20 42 31)
4(30 31 42 41)
4(31 32 43 42)
4(10 21 43 32)
4(23 34 56 45)
4(44 45 56 55)
4(22 44 55 33)
4(24 35 57 46)
4(45 46 57 56)
4(25 36 58 47)
4(46 47 58 57)
4(26 37 59 48)
4(47 48 59 58)
4(27 38 60 49)
4(48 49 60 59)
4(28 39 61 50)
4(49 50 61 60)
4(29 40 62 51)
4(50 51 62 61)
4(30 41 63 52)
4(51 52 63 62)
4(31 42 64 53)
4(52 53 64 63)
4(53 54 65 64)
4(32 43 65 54)
4(45 56 78 67)
4(66 67 78 77)
4(44 66 77 55)
4(46 57 79 68)
4(67 68 79 78)
4(47 58 80 69)
4(68 69 80 79)
4(48 59 81 70)
4(69 70 81 80)
4(49 60 82 71)
4(70 71 82 81)
4(50 61 83 72)
4(71 72 83 82)
4(51 62 84 73)
4(72 73 84 83)
4(52 63 85 74)
4(73 74 85 84)
4(53 64 86 75)
4(74 75 86 85)
4(75 76 87 86)
4(54 65 87 76)
4(67 78 100 89)
4(88 89 100 99)
4(66 88 99 77)
4(68 79 101 90)
4(89 90 101 100)
4(69 80 102 91)
4(90 91 102 101)
4(70 81 103 92)
4(91 92 103 102)
4(71 82 104 93)
4(92 93 104 103)
4(72 83 105 94)
4(93 94 105 104)
4(73 84 106 95)
4(94 95 106 105)
4(74 85 107 96)
4(95 96 107 106)
4(75 86 108 97)
4(96 97 108 107)
4(97 98 109 108)
4(76 87 109 98)
4(89 100 122 111)
4(110 111 122 121)
4(88 110 121 99)
4(90 101 123 112)
4(111 112 123 122)
4(91 102 124 113)
4(112 113 124 123)
4(92 103 125 114)
4(113 114 125 124)
4(93 104 126 115)
4(114 115 126 125)
4(94 105 127 116)
4(115 116 127 126)
4(95 106 128 117)
4(116 117 128 127)
4(96 107 129 118)
4(117 118 129 128)
4(97 108 130 119)
4(118 119 130 129)
4(119 120 131 130)
4(98 109 131 120)
4(111 122 144 133)
4(132 133 144 143)
4(110 132 143 121)
4(112 123 145 134)
4(133 134 145 144)
4(113 124 146 135)
4(134 135 146 145)
4(114 125 147 136)
4(135 136 147 146)
4(115 126 148 137)
4(136 137 148 147)
4(116 127 149 138)
4(137 138 149 148)
4(117 128 150 139)
4(138 139 150 149)
4(118 129 151 140)
4(139 140 151 150)
4(119 130 152 141)
4(140 141 152 151)
4(141 142 153 152)
4(120 131 153 142)
4(133 144 166 155)
4(154 155 166 165)
4(132 154 165 143)
4(134 145 167 156)
4(155 156 167 166)
4(135 146 168 157)
4(156 157 168 167)
4(136 147 169 158)
4(157 158 169 168)
4(137 148 170 159)
4(158 159 170 169)
4(138 149 171 160)
4(159 160 171 170)
4(139 150 172 161)
4(160 161 172 171)
4(140 151 173 162)
4(161 162 173 172)
4(141 152 174 163)
4(162 163 174 173)
4(163 164 175 174)
4(142 153 175 164)
4(155 166 188 177)
4(176 177 188 187)
4(154 176 187 165)
4(156 167 189 178)
4(177 178 189 188)
4(157 168 190 179)
4(178 179 190 189)
4(158 169 191 180)
4(179 180 191 190)
4(159 170 192 181)
4(180 181 192 191)
4(160 171 193 182)
4(181 182 193 192)
4(161 172 194 183)
4(182 183 194 193)
4(162 173 195 184)
4(183 184 195 194)
4(163 174 196 185)
4(184 185 196 195)
4(185 186 197 196)
4(164 175 197 186)
4(177 188 210 199)
4(198 199 210 209)
4(176 198 209 187)
4(178 189 211 200)
4(199 200 211 210)
4(179 190 212 201)
4(200 201 212 211)
4(180 191 213 202)
4(201 202 213 212)
4(181 192 214 203)
4(202 203 214 213)
4(182 193 215 204)
4(203 204 215 214)
4(183 194 216 205)
4(204 205 216 215)
4(184 195 217 206)
4(205 206 217 216)
4(185 196 218 207)
4(206 207 218 217)
4(207 208 219 218)
4(186 197 219 208)
4(199 210 232 221)
4(198 220 231 209)
4(200 211 233 222)
4(201 212 234 223)
4(202 213 235 224)
4(203 214 236 225)
4(204 215 237 226)
4(205 216 238 227)
4(206 217 239 228)
4(207 218 240 229)
4(208 219 241 230)
4(242 252 272 262)
4(32 262 272 43)
4(243 253 273 263)
4(262 263 273 272)
4(244 254 274 264)
4(263 264 274 273)
4(245 255 275 265)
4(264 265 275 274)
4(246 256 276 266)
4(265 266 276 275)
4(247 257 277 267)
4(266 267 277 276)
4(248 258 278 268)
4(267 268 278 277)
4(249 259 279 269)
4(268 269 279 278)
4(250 260 280 270)
4(269 270 280 279)
4(270 271 281 280)
4(251 261 281 271)
4(262 272 292 282)
4(54 282 292 65)
4(263 273 293 283)
4(282 283 293 292)
4(264 274 294 284)
4(283 284 294 293)
4(265 275 295 285)
4(284 285 295 294)
4(266 276 296 286)
4(285 286 296 295)
4(267 277 297 287)
4(286 287 297 296)
4(268 278 298 288)
4(287 288 298 297)
4(269 279 299 289)
4(288 289 299 298)
4(270 280 300 290)
4(289 290 300 299)
4(290 291 301 300)
4(271 281 301 291)
4(282 292 312 302)
4(76 302 312 87)
4(283 293 313 303)
4(302 303 313 312)
4(284 294 314 304)
4(303 304 314 313)
4(285 295 315 305)
4(304 305 315 314)
4(286 296 316 306)
4(305 306 316 315)
4(287 297 317 307)
4(306 307 317 316)
4(288 298 318 308)
4(307 308 318 317)
4(289 299 319 309)
4(308 309 319 318)
4(290 300 320 310)
4(309 310 320 319)
4(310 311 321 320)
4(291 301 321 311)
4(302 312 332 322)
4(98 322 332 109)
4(303 313 333 323)
4(322 323 333 332)
4(304 314 334 324)
4(323 324 334 333)
4(305 315 335 325)
4(324 325 335 334)
4(306 316 336 326)
4(325 326 336 335)
4(307 317 337 327)
4(326 327 337 336)
4(308 318 338 328)
4(327 328 338 337)
4(309 319 339 329)
4(328 329 339 338)
4(310 320 340 330)
4(329 330 340 339)
4(330 331 341 340)
4(311 321 341 331)
4(322 332 352 342)
4(120 342 352 131)
4(323 333 353 343)
4(342 343 353 352)
4(324 334 354 344)
4(343 344 354 353)
4(325 335 355 345)
4(344 345 355 354)
4(326 336 356 346)
4(345 346 356 355)
4(327 337 357 347)
4(346 347 357 356)
4(328 338 358 348)
4(347 348 358 357)
4(329 339 359 349)
4(348 349 359 358)
4(330 340 360 350)
4(349 350 360 359)
4(350 351 361 360)
4(331 341 361 351)
4(342 352 372 362)
4(142 362 372 153)
4(343 353 373 363)
4(362 363 373 372)
4(344 354 374 364)
4(363 364 374 373)
4(345 355 375 365)
4(364 365 375 374)
4(346 356 376 366)
4(365 366 376 375)
4(347 357 377 367)
4(366 367 377 376)
4(348 358 378 368)
4(367 368 378 377)
4(349 359 379 369)
4(368 369 379 378)
4(350 360 380 370)
4(369 370 380 379)
4(370 371 381 380)
4(351 361 381 371)
4(362 372 392 382)
4(164 382 392 175)
4(363 373 393 383)
4(382 383 393 392)
4(364 374 394 384)
4(383 384 394 393)
4(365 375 395 385)
4(384 385 395 394)
4(366 376 396 386)
4(385 386 396 395)
4(367 377 397 387)
4(386 387 397 396)
4(368 378 398 388)
4(387 388 398 397)
4(369 379 399 389)
4(388 389 399 398)
4(370 380 400 390)
4(389 390 400 399)
4(390 391 401 400)
4(371 381 401 391)
4(382 392 412 402)
4(186 402 412 197)
4(383 393 413 403)
4(402 403 413 412)
4(384 394 414 404)
4(403 404 414 413)
4(385 395 415 405)
4(404 405 415 414)
4(386 396 416 406)
4(405 406 416 415)
4(387 397 417 407)
4(406 407 417 416)
4(388 398 418 408)
4(407 408 418 417)
4(389 399 419 409)
4(408 409 419 418)
4(390 400 420 410)
4(409 410 420 419)
4(410 411 421 420)
4(391 401 421 411)
4(402 412 432 422)
4(208 422 432 219)
4(403 413 433 423)
4(422 423 433 432)
4(404 414 434 424)
4(423 424 434 433)
4(405 415 435 425)
4(424 425 435 434)
4(406 416 436 426)
4(425 426 436 435)
4(407 417 437 427)
4(426 427 437 436)
4(408 418 438 428)
4(427 428 438 437)
4(409 419 439 429)
4(428 429 439 438)
4(410 420 440 430)
4(429 430 440 439)
4(430 431 441 440)
4(411 421 441 431)
4(422 432 452 442)
4(423 433 453 443)
4(424 434 454 444)
4(425 435 455 445)
4(426 436 456 446)
4(427 437 457 447)
4(428 438 458 448)
4(429 439 459 449)
4(430 440 460 450)
4(431 441 461 451)
4(462 472 492 482)
4(271 482 492 281)
4(463 473 493 483)
4(482 483 493 492)
4(464 474 494 484)
4(483 484 494 493)
4(465 475 495 485)
4(484 485 495 494)
4(466 476 496 486)
4(485 486 496 495)
4(467 477 497 487)
4(486 487 497 496)
4(468 478 498 488)
4(487 488 498 497)
4(469 479 499 489)
4(488 489 499 498)
4(470 480 500 490)
4(489 490 500 499)
4(490 491 501 500)
4(471 481 501 491)
4(482 492 512 502)
4(291 502 512 301)
4(483 493 513 503)
4(502 503 513 512)
4(484 494 514 504)
4(503 504 514 513)
4(485 495 515 505)
4(504 505 515 514)
4(486 496 516 506)
4(505 506 516 515)
4(487 497 517 507)
4(506 507 517 516)
4(488 498 518 508)
4(507 508 518 517)
4(489 499 519 509)
4(508 509 519 518)
4(490 500 520 510)
4(509 510 520 519)
4(510 511 521 520)
4(491 501 521 511)
4(502 512 532 522)
4(311 522 532 321)
4(503 513 533 523)
4(522 523 533 532)
4(504 514 534 524)
4(523 524 534 533)
4(505 515 535 525)
4(524 525 535 534)
4(506 516 536 526)
4(525 526 536 535)
4(507 517 537 527)
4(526 527 537 536)
4(508 518 538 528)
4(527 528 538 537)
4(509 519 539 529)
4(528 529 539 538)
4(510 520 540 530)
4(529 530 540 539)
4(530 531 541 540)
4(511 521 541 531)
4(522 532 552 542)
4(331 542 552 341)
4(523 533 553 543)
4(542 543 553 552)
4(524 534 554 544)
4(543 544 554 553)
4(525 535 555 545)
4(544 545 555 554)
4(526 536 556 546)
4(545 546 556 555)
4(527 537 557 547)
4(546 547 557 556)
4(528 538 558 548)
4(547 548 558 557)
4(529 539 559 549)
4(548 549 559 558)
4(530 540 560 550)
4(549 550 560 559)
4(550 551 561 560)
4(531 541 561 551)
4(542 552 572 562)
4(351 562 572 361)
4(543 553 573 563)
4(562 563 573 572)
4(544 554 574 564)
4(563 564 574 573)
4(545 555 575 565)
4(564 565 575 574)
4(546 556 576 566)
4(565 566 576 575)
4(547 557 577 567)
4(566 567 577 576)
4(548 558 578 568)
4(567 568 578 577)
4(549 559 579 569)
4(568 569 579 578)
4(550 560 580 570)
4(569 570 580 579)
4(570 571 581 580)
4(551 561 581 571)
4(562 572 592 582)
4(371 582 592 381)
4(563 573 593 583)
4(582 583 593 592)
4(564 574 594 584)
4(583 584 594 593)
4(565 575 595 585)
4(584 585 595 594)
4(566 576 596 586)
4(585 586 596 595)
4(567 577 597 587)
4(586 587 597 596)
4(568 578 598 588)
4(587 588 598 597)
4(569 579 599 589)
4(588 589 599 598)
4(570 580 600 590)
4(589 590 600 599)
4(590 591 601 600)
4(571 581 601 591)
4(582 592 612 602)
4(391 602 612 401)
4(583 593 613 603)
4(602 603 613 612)
4(584 594 614 604)
4(603 604 614 613)
4(585 595 615 605)
4(604 605 615 614)
4(586 596 616 606)
4(605 606 616 615)
4(587 597 617 607)
4(606 607 617 616)
4(588 598 618 608)
4(607 608 618 617)
4(589 599 619 609)
4(608 609 619 618)
4(590 600 620 610)
4(609 610 620 619)
4(610 611 621 620)
4(591 601 621 611)
4(602 612 632 622)
4(411 622 632 421)
4(603 613 633 623)
4(622 623 633 632)
4(604 614 634 624)
4(623 624 634 633)
4(605 615 635 625)
4(624 625 635 634)
4(606 616 636 626)
4(625 626 636 635)
4(607 617 637 627)
4(626 627 637 636)
4(608 618 638 628)
4(627 628 638 637)
4(609 619 639 629)
4(628 629 639 638)
4(610 620 640 630)
4(629 630 640 639)
4(630 631 641 640)
4(611 621 641 631)
4(622 632 652 642)
4(431 642 652 441)
4(623 633 653 643)
4(642 643 653 652)
4(624 634 654 644)
4(643 644 654 653)
4(625 635 655 645)
4(644 645 655 654)
4(626 636 656 646)
4(645 646 656 655)
4(627 637 657 647)
4(646 647 657 656)
4(628 638 658 648)
4(647 648 658 657)
4(629 639 659 649)
4(648 649 659 658)
4(630 640 660 650)
4(649 650 660 659)
4(650 651 661 660)
4(631 641 661 651)
4(642 652 672 662)
4(643 653 673 663)
4(644 654 674 664)
4(645 655 675 665)
4(646 656 676 666)
4(647 657 677 667)
4(648 658 678 668)
4(649 659 679 669)
4(650 660 680 670)
4(651 661 681 671)
4(682 692 712 702)
4(491 702 712 501)
4(683 693 713 703)
4(702 703 713 712)
4(684 694 714 704)
4(703 704 714 713)
4(685 695 715 705)
4(704 705 715 714)
4(686 696 716 706)
4(705 706 716 715)
4(687 697 717 707)
4(706 707 717 716)
4(688 698 718 708)
4(707 708 718 717)
4(689 699 719 709)
4(708 709 719 718)
4(690 700 720 710)
4(709 710 720 719)
4(710 711 721 720)
4(691 701 721 711)
4(702 712 732 722)
4(511 722 732 521)
4(703 713 733 723)
4(722 723 733 732)
4(704 714 734 724)
4(723 724 734 733)
4(705 715 735 725)
4(724 725 735 734)
4(706 716 736 726)
4(725 726 736 735)
4(707 717 737 727)
4(726 727 737 736)
4(708 718 738 728)
4(727 728 738 737)
4(709 719 739 729)
4(728 729 739 738)
4(710 720 740 730)
4(729 730 740 739)
4(730 731 741 740)
4(711 721 741 731)
4(722 732 752 742)
4(531 742 752 541)
4(723 733 753 743)
4(742 743 753 752)
4(724 734 754 744)
4(743 744 754 753)
4(725 735 755 745)
4(744 745 755 754)
4(726 736 756 746)
4(745 746 756 755)
4(727 737 757 747)
4(746 747 757 756)
4(728 738 758 748)
4(747 748 758 757)
4(729 739 759 749)
4(748 749 759 758)
4(730 740 760 750)
4(749 750 760 759)
4(750 751 761 760)
4(731 741 761 751)
4(742 752 772 762)
4(551 762 772 561)
4(743 753 773 763)
4(762 763 773 772)
4(744 754 774 764)
4(763 764 774 773)
4(745 755 775 765)
4(764 765 775 774)
4(746 756 776 766)
4(765 766 776 775)
4(747 757 777 767)
4(766 767 777 776)
4(748 758 778 768)
4(767 768 778 777)
4(749 759 779 769)
4(768 769 779 778)
4(750 760 780 770)
4(769 770 780 779)
4(770 771 781 780)
4(751 761 781 771)
4(762 772 792 782)
4(571 782 792 581)
4(763 773 793 783)
4(782 783 793 792)
4(764 774 794 784)
4(783 784 794 793)
4(765 775 795 785)
4(784 785 795 794)
4(766 776 796 786)
4(785 786 796 795)
4(767 777 797 787)
4(786 787 797 796)
4(768 778 798 788)
4(787 788 798 797)
4(769 779 799 789)
4(788 789 799 798)
4(770 780 800 790)
4(789 790 800 799)
4(790 791 801 800)
4(771 781 801 791)
4(782 792 812 802)
4(591 802 812 601)
4(783 793 813 803)
4(802 803 813 812)
4(784 794 814 804)
4(803 804 814 813)
4(785 795 815 805)
4(804 805 815 814)
4(786 796 816 806)
4(805 806 816 815)
4(787 797 817 807)
4(806 807 817 816)
4(788 798 818 808)
4(807 808 818 817)
4(789 799 819 809)
4(808 809 819 818)
4(790 800 820 810)
4(809 810 820 819)
4(810 811 821 820)
4(791 801 821 811)
4(802 812 832 822)
4(611 822 832 621)
4(803 813 833 823)
4(822 823 833 832)
4(804 814 834 824)
4(823 824 834 833)
4(805 815 835 825)
4(824 825 835 834)
4(806 816 836 826)
4(825 826 836 835)
4(807 817 837 827)
4(826 827 837 836)
4(808 818 838 828)
4(827 828 838 837)
4(809 819 839 829)
4(828 829 839 838)
4(810 820 840 830)
4(829 830 840 839)
4(830 831 841 840)
4(811 821 841 831)
4(822 832 852 842)
4(631 842 852 641)
4(823 833 853 843)
4(842 843 853 852)
4(824 834 854 844)
4(843 844 854 853)
4(825 835 855 845)
4(844 845 855 854)
4(826 836 856 846)
4(845 846 856 855)
4(827 837 857 847)
4(846 847 857 856)
4(828 838 858 848)
4(847 848 858 857)
4(829 839 859 849)
4(848 849 859 858)
4(830 840 860 850)
4(849 850 860 859)
4(850 851 861 860)
4(831 841 861 851)
4(842 852 872 862)
4(651 862 872 661)
4(843 853 873 863)
4(862 863 873 872)
4(844 854 874 864)
4(863 864 874 873)
4(845 855 875 865)
4(864 865 875 874)
4(846 856 876 866)
4(865 866 876 875)
4(847 857 877 867)
4(866 867 877 876)
4(848 858 878 868)
4(867 868 878 877)
4(849 859 879 869)
4(868 869 879 878)
4(850 860 880 870)
4(869 870 880 879)
4(870 871 881 880)
4(851 861 881 871)
4(862 872 892 882)
4(863 873 893 883)
4(864 874 894 884)
4(865 875 895 885)
4(866 876 896 886)
4(867 877 897 887)
4(868 878 898 888)
4(869 879 899 889)
4(870 880 900 890)
4(871 881 901 891)
4(902 912 932 922)
4(711 922 932 721)
4(903 913 933 923)
4(922 923 933 932)
4(904 914 934 924)
4(923 924 934 933)
4(905 915 935 925)
4(924 925 935 934)
4(906 916 936 926)
4(925 926 936 935)
4(907 917 937 927)
4(926 927 937 936)
4(908 918 938 928)
4(927 928 938 937)
4(909 919 939 929)
4(928 929 939 938)
4(910 920 940 930)
4(929 930 940 939)
4(930 931 941 940)
4(911 921 941 931)
4(922 932 952 942)
4(731 942 952 741)
4(923 933 953 943)
4(942 943 953 952)
4(924 934 954 944)
4(943 944 954 953)
4(925 935 955 945)
4(944 945 955 954)
4(926 936 956 946)
4(945 946 956 955)
4(927 937 957 947)
4(946 947 957 956)
4(928 938 958 948)
4(947 948 958 957)
4(929 939 959 949)
4(948 949 959 958)
4(930 940 960 950)
4(949 950 960 959)
4(950 951 961 960)
4(931 941 961 951)
4(942 952 972 962)
4(751 962 972 761)
4(943 953 973 963)
4(962 963 973 972)
4(944 954 974 964)
4(963 964 974 973)
4(945 955 975 965)
4(964 965 975 974)
4(946 956 976 966)
4(965 966 976 975)
4(947 957 977 967)
4(966 967 977 976)
4(948 958 978 968)
4(967 968 978 977)
4(949 959 979 969)
4(968 969 979 978)
4(950 960 980 970)
4(969 970 980 979)
4(970 971 981 980)
4(951 961 981 971)
4(962 972 992 982)
4(771 982 992 781)
4(963 973 993 983)
4(982 983 993 992)
4(964 974 994 984)
4(983 984 994 993)
4(965 975 995 985)
4(984 985 995 994)
4(966 976 996 986)
4(985 986 996 995)
4(967 977 997 987)
4(986 987 997 996)
4(968 978 998 988)
4(987 988 998 997)
4(969 979 999 989)
4(988 989 999 998)
4(970 980 1000 990)
4(989 990 1000 999)
4(990 991 1001 1000)
4(971 981 1001 991)
4(982 992 1012 1002)
4(791 1002 1012 801)
4(983 993 1013 1003)
4(1002 1003 1013 1012)
4(984 994 1014 1004)
4(1003 1004 1014 1013)
4(985 995 1015 1005)
4(1004 1005 1015 1014)
4(986 996 1016 1006)
4(1005 1006 1016 1015)
4(987 997 1017 1007)
4(1006 1007 1017 1016)
4(988 998 1018 1008)
4(1007 1008 1018 1017)
4(989 999 1019 1009)
4(1008 1009 1019 1018)
4(990 1000 1020 1010)
4(1009 1010 1020 1019)
4(1010 1011 1021 1020)
4(991 1001 1021 1011)
4(1002 1012 1032 1022)
4(811 1022 1032 821)
4(1003 1013 1033 1023)
4(1022 1023 1033 1032)
4(1004 1014 1034 1024)
4(1023 1024 1034 1033)
4(1005 1015 1035 1025)
4(1024 1025 1035 1034)
4(1006 1016 1036 1026)
4(1025 1026 1036 1035)
4(1007 1017 1037 1027)
4(1026 1027 1037 1036)
4(1008 1018 1038 1028)
4(1027 1028 1038 1037)
4(1009 1019 1039 1029)
4(1028 1029 1039 1038)
4(1010 1020 1040 1030)
4(1029 1030 1040 1039)
4(1030 1031 1041 1040)
4(1011 1021 1041 1031)
4(1022 1032 1052 1042)
4(831 1042 1052 841)
4(1023 1033 1053 1043)
4(1042 1043 1053 1052)
4(1024 1034 1054 1044)
4(1043 1044 1054 1053)
4(1025 1035 1055 1045)
4(1044 1045 1055 1054)
4(1026 1036 1056 1046)
4(1045 1046 1056 1055)
4(1027 1037 1057 1047)
4(1046 1047 1057 1056)
4(1028 1038 1058 1048)
4(1047 1048 1058 1057)
4(1029 1039 1059 1049)
4(1048 1049 1059 1058)
4(1030 1040 1060 1050)
4(1049 1050 1060 1059)
4(1050 1051 1061 1060)
4(1031 1041 1061 1051)
4(1042 1052 1072 1062)
4(851 1062 1072 861)
4(1043 1053 1073 1063)
4(1062 1063 1073 1072)
4(1044 1054 1074 1064)
4(1063 1064 1074 1073)
4(1045 1055 1075 1065)
4(1064 1065 1075 1074)
4(1046 1056 1076 1066)
4(1065 1066 1076 1075)
4(1047 1057 1077 1067)
4(1066 1067 1077 1076)
4(1048 1058 1078 1068)
4(1067 1068 1078 1077)
4(1049 1059 1079 1069)
4(1068 1069 1079 1078)
4(1050 1060 1080 1070)
4(1069 1070 1080 1079)
4(1070 1071 1081 1080)
4(1051 1061 1081 1071)
4(1062 1072 1092 1082)
4(871 1082 1092 881)
4(1063 1073 1093 1083)
4(1082 1083 1093 1092)
4(1064 1074 1094 1084)
4(1083 1084 1094 1093)
4(1065 1075 1095 1085)
4(1084 1085 1095 1094)
4(1066 1076 1096 1086)
4(1085 1086 1096 1095)
4(1067 1077 1097 1087)
4(1086 1087 1097 1096)
4(1068 1078 1098 1088)
4(1087 1088 1098 1097)
4(1069 1079 1099 1089)
4(1088 1089 1099 1098)
4(1070 1080 1100 1090)
4(1089 1090 1100 1099)
4(1090 1091 1101 1100)
4(1071 1081 1101 1091)
4(1082 1092 1112 1102)
4(1083 1093 1113 1103)
4(1084 1094 1114 1104)
4(1085 1095 1115 1105)
4(1086 1096 1116 1106)
4(1087 1097 1117 1107)
4(1088 1098 1118 1108)
4(1089 1099 1119 1109)
4(1090 1100 1120 1110)
4(1091 1101 1121 1111)
4(1122 1131 1149 1140)
4(931 1140 1149 941)
4(1123 1132 1150 1141)
4(1140 1141 1150 1149)
4(1124 1133 1151 1142)
4(1141 1142 1151 1150)
4(1125 1134 1152 1143)
4(1142 1143 1152 1151)
4(1126 1135 1153 1144)
4(1143 1144 1153 1152)
4(1127 1136 1154 1145)
4(1144 1145 1154 1153)
4(1128 1137 1155 1146)
4(1145 1146 1155 1154)
4(1129 1138 1156 1147)
4(1146 1147 1156 1155)
4(1130 1139 1157 1148)
4(1147 1148 1157 1156)
4(1148 22 33 1157)
4(1140 1149 1167 1158)
4(951 1158 1167 961)
4(1141 1150 1168 1159)
4(1158 1159 1168 1167)
4(1142 1151 1169 1160)
4(1159 1160 1169 1168)
4(1143 1152 1170 1161)
4(1160 1161 1170 1169)
4(1144 1153 1171 1162)
4(1161 1162 1171 1170)
4(1145 1154 1172 1163)
4(1162 1163 1172 1171)
4(1146 1155 1173 1164)
4(1163 1164 1173 1172)
4(1147 1156 1174 1165)
4(1164 1165 1174 1173)
4(1148 1157 1175 1166)
4(1165 1166 1175 1174)
4(1166 44 55 1175)
4(1158 1167 1185 1176)
4(971 1176 1185 981)
4(1159 1168 1186 1177)
4(1176 1177 1186 1185)
4(1160 1169 1187 1178)
4(1177 1178 1187 1186)
4(1161 1170 1188 1179)
4(1178 1179 1188 1187)
4(1162 1171 1189 1180)
4(1179 1180 1189 1188)
4(1163 1172 1190 1181)
4(1180 1181 1190 1189)
4(1164 1173 1191 1182)
4(1181 1182 1191 1190)
4(1165 1174 1192 1183)
4(1182 1183 1192 1191)
4(1166 1175 1193 1184)
4(1183 1184 1193 1192)
4(1184 66 77 1193)
4(1176 1185 1203 1194)
4(991 1194 1203 1001)
4(1177 1186 1204 1195)
4(1194 1195 1204 1203)
4(1178 1187 1205 1196)
4(1195 1196 1205 1204)
4(1179 1188 1206 1197)
4(1196 1197 1206 1205)
4(1180 1189 1207 1198)
4(1197 1198 1207 1206)
4(1181 1190 1208 1199)
4(1198 1199 1208 1207)
4(1182 1191 1209 1200)
4(1199 1200 1209 1208)
4(1183 1192 1210 1201)
4(1200 1201 1210 1209)
4(1184 1193 1211 1202)
4(1201 1202 1211 1210)
4(1202 88 99 1211)
4(1194 1203 1221 1212)
4(1011 1212 1221 1021)
4(1195 1204 1222 1213)
4(1212 1213 1222 1221)
4(1196 1205 1223 1214)
4(1213 1214 1223 1222)
4(1197 1206 1224 1215)
4(1214 1215 1224 1223)
4(1198 1207 1225 1216)
4(1215 1216 1225 1224)
4(1199 1208 1226 1217)
4(1216 1217 1226 1225)
4(1200 1209 1227 1218)
4(1217 1218 1227 1226)
4(1201 1210 1228 1219)
4(1218 1219 1228 1227)
4(1202 1211 1229 1220)
4(1219 1220 1229 1228)
4(1220 110 121 1229)
4(1212 1221 1239 1230)
4(1031 1230 1239 1041)
4(1213 1222 1240 1231)
4(1230 1231 1240 1239)
4(1214 1223 1241 1232)
4(1231 1232 1241 1240)
4(1215 1224 1242 1233)
4(1232 1233 1242 1241)
4(1216 1225 1243 1234)
4(1233 1234 1243 1242)
4(1217 1226 1244 1235)
4(1234 1235 1244 1243)
4(1218 1227 1245 1236)
4(1235 1236 1245 1244)
4(1219 1228 1246 1237)
4(1236 1237 1246 1245)
4(1220 1229 1247 1238)
4(1237 1238 1247 1246)
4(1238 132 143 1247)
4(1230 1239 1257 1248)
4(1051 1248 1257 1061)
4(1231 1240 1258 1249)
4(1248 1249 1258 1257)
4(1232 1241 1259 1250)
4(1249 1250 1259 1258)
4(1233 1242 1260 1251)
4(1250 1251 1260 1259)
4(1234 1243 1261 1252)
4(1251 1252 1261 1260)
4(1235 1244 1262 1253)
4(1252 1253 1262 1261)
4(1236 1245 1263 1254)
4(1253 1254 1263 1262)
4(1237 1246 1264 1255)
4(1254 1255 1264 1263)
4(1238 1247 1265 1256)
4(1255 1256 1265 1264)
4(1256 154 165 1265)
4(1248 1257 1275 1266)
4(1071 1266 1275 1081)
4(1249 1258 1276 1267)
4(1266 1267 1276 1275)
4(1250 1259 1277 1268)
4(1267 1268 1277 1276)
4(1251 1260 1278 1269)
4(1268 1269 1278 1277)
4(1252 1261 1279 1270)
4(1269 1270 1279 1278)
4(1253 1262 1280 1271)
4(1270 1271 1280 1279)
4(1254 1263 1281 1272)
4(1271 1272 1281 1280)
4(1255 1264 1282 1273)
4(1272 1273 1282 1281)
4(1256 1265 1283 1274)
4(1273 1274 1283 1282)
4(1274 176 187 1283)
4(1266 1275 1293 1284)
4(1091 1284 1293 1101)
4(1267 1276 1294 1285)
4(1284 1285 1294 1293)
4(1268 1277 1295 1286)
4(1285 1286 1295 1294)
4(1269 1278 1296 1287)
4(1286 1287 1296 1295)
4(1270 1279 1297 1288)
4(1287 1288 1297 1296)
4(1271 1280 1298 1289)
4(1288 1289 1298 1297)
4(1272 1281 1299 1290)
4(1289 1290 1299 1298)
4(1273 1282 1300 1291)
4(1290 1291 1300 1299)
4(1274 1283 1301 1292)
4(1291 1292 1301 1300)
4(1292 198 209 1301)
4(1284 1293 1311 1302)
4(1285 1294 1312 1303)
4(1286 1295 1313 1304)
4(1287 1296 1314 1305)
4(1288 1297 1315 1306)
4(1289 1298 1316 1307)
4(1290 1299 1317 1308)
4(1291 1300 1318 1309)
4(1292 1301 1319 1310)
4(230 442 452 241)
4(442 443 453 452)
4(443 444 454 453)
4(444 445 455 454)
4(445 446 456 455)
4(446 447 457 456)
4(447 448 458 457)
4(448 449 459 458)
4(449 450 460 459)
4(450 451 461 460)
4(891 1102 1112 901)
4(1102 1103 1113 1112)
4(1103 1104 1114 1113)
4(1104 1105 1115 1114)
4(1105 1106 1116 1115)
4(1106 1107 1117 1116)
4(1107 1108 1118 1117)
4(1108 1109 1119 1118)
4(1109 1110 1120 1119)
4(1110 1111 1121 1120)
4(1111 1302 1311 1121)
4(1302 1303 1312 1311)
4(1303 1304 1313 1312)
4(1304 1305 1314 1313)
4(1305 1306 1315 1314)
4(1306 1307 1316 1315)
4(1307 1308 1317 1316)
4(1308 1309 1318 1317)
4(1309 1310 1319 1318)
4(1310 220 231 1319)
4(220 221 232 231)
4(221 222 233 232)
4(222 223 234 233)
4(223 224 235 234)
4(224 225 236 235)
4(225 226 237 236)
4(226 227 238 237)
4(227 228 239 238)
4(228 229 240 239)
4(229 230 241 240)
4(451 662 672 461)
4(662 663 673 672)
4(663 664 674 673)
4(664 665 675 674)
4(665 666 676 675)
4(666 667 677 676)
4(667 668 678 677)
4(668 669 679 678)
4(669 670 680 679)
4(670 671 681 680)
4(671 882 892 681)
4(882 883 893 892)
4(883 884 894 893)
4(884 885 895 894)
4(885 886 896 895)
4(886 887 897 896)
4(887 888 898 897)
4(888 889 899 898)
4(889 890 900 899)
4(890 891 901 900)
4(0 11 12 1)
4(1 12 13 2)
4(2 13 14 3)
4(3 14 15 4)
4(4 15 16 5)
4(5 16 17 6)
4(6 17 18 7)
4(7 18 19 8)
4(8 19 20 9)
4(9 20 21 10)
4(10 21 252 242)
4(242 252 253 243)
4(243 253 254 244)
4(244 254 255 245)
4(245 255 256 246)
4(246 256 257 247)
4(247 257 258 248)
4(248 258 259 249)
4(249 259 260 250)
4(250 260 261 251)
4(251 261 472 462)
4(462 472 473 463)
4(463 473 474 464)
4(464 474 475 465)
4(465 475 476 466)
4(466 476 477 467)
4(467 477 478 468)
4(468 478 479 469)
4(469 479 480 470)
4(470 480 481 471)
4(471 481 692 682)
4(682 692 693 683)
4(683 693 694 684)
4(684 694 695 685)
4(685 695 696 686)
4(686 696 697 687)
4(687 697 698 688)
4(688 698 699 689)
4(689 699 700 690)
4(690 700 701 691)
4(691 701 912 902)
4(902 912 913 903)
4(903 913 914 904)
4(904 914 915 905)
4(905 915 916 906)
4(906 916 917 907)
4(907 917 918 908)
4(908 918 919 909)
4(909 919 920 910)
4(910 920 921 911)
4(911 921 1131 1122)
4(1122 1131 1132 1123)
4(1123 1132 1133 1124)
4(1124 1133 1134 1125)
4(1125 1134 1135 1126)
4(1126 1135 1136 1127)
4(1127 1136 1137 1128)
4(1128 1137 1138 1129)
4(1129 1138 1139 1130)
4(1130 1139 11 0)
4(11 33 34 12)
4(33 55 56 34)
4(55 77 78 56)
4(77 99 100 78)
4(99 121 122 100)
4(121 143 144 122)
4(143 165 166 144)
4(165 187 188 166)
4(187 209 210 188)
4(209 231 232 210)
4(12 34 35 13)
4(34 56 57 35)
4(56 78 79 57)
4(78 100 101 79)
4(100 122 123 101)
4(122 144 145 123)
4(144 166 167 145)
4(166 188 189 167)
4(188 210 211 189)
4(210 232 233 211)
4(13 35 36 14)
4(35 57 58 36)
4(57 79 80 58)
4(79 101 102 80)
4(101 123 124 102)
4(123 145 146 124)
4(145 167 168 146)
4(167 189 190 168)
4(189 211 212 190)
4(211 233 234 212)
4(14 36 37 15)
4(36 58 59 37)
4(58 80 81 59)
4(80 102 103 81)
4(102 124 125 103)
4(124 146 147 125)
4(146 168 169 147)
4(168 190 191 169)
4(190 212 213 191)
4(212 234 235 213)
4(15 37 38 16)
4(37 59 60 38)
4(59 81 82 60)
4(81 103 104 82)
4(103 125 126 104)
4(125 147 148 126)
4(147 169 170 148)
4(169 191 192 170)
4(191 213 214 192)
4(213 235 236 214)
4(16 38 39 17)
4(38 60 61 39)
4(60 82 83 61)
4(82 104 105 83)
4(104 126 127 105)
4(126 148 149 127)
4(148 170 171 149)
4(170 192 193 171)
4(192 214 215 193)
4(214 236 237 215)
4(17 39 40 18)
4(39 61 62 40)
4(61 83 84 62)
4(83 105 106 84)
4(105 127 128 106)
4(127 149 150 128)
4(149 171 172 150)
4(171 193 194 172)
4(193 215 216 194)
4(215 237 238 216)
4(18 40 41 19)
4(40 62 63 41)
4(62 84 85 63)
4(84 106 107 85)
4(106 128 129 107)
4(128 150 151 129)
4(150 172 173 151)
4(172 194 195 173)
4(194 216 217 195)
4(216 238 239 217)
4(19 41 42 20)
4(41 63 64 42)
4(63 85 86 64)
4(85 107 108 86)
4(107 129 130 108)
4(129 151 152 130)
4(151 173 174 152)
4(173 195 196 174)
4(195 217 218 196)
4(217 239 240 218)
4(20 42 43 21)
4(42 64 65 43)
4(64 86 87 65)
4(86 108 109 87)
4(108 130 131 109)
4(130 152 153 131)
4(152 174 175 153)
4(174 196 197 175)
4(196 218 219 197)
4(218 240 241 219)
4(21 43 272 252)
4(43 65 292 272)
4(65 87 312 292)
4(87 109 332 312)
4(109 131 352 332)
4(131 153 372 352)
4(153 175 392 372)
4(175 197 412 392)
4(197 219 432 412)
4(219 241 452 432)
4(252 272 273 253)
4(272 292 293 273)
4(292 312 313 293)
4(312 332 333 313)
4(332 352 353 333)
4(352 372 373 353)
4(372 392 393 373)
4(392 412 413 393)
4(412 432 433 413)
4(432 452 453 433)
4(253 273 274 254)
4(273 293 294 274)
4(293 313 314 294)
4(313 333 334 314)
4(333 353 354 334)
4(353 373 374 354)
4(373 393 394 374)
4(393 413 414 394)
4(413 433 434 414)
4(433 453 454 434)
4(254 274 275 255)
4(274 294 295 275)
4(294 314 315 295)
4(314 334 335 315)
4(334 354 355 335)
4(354 374 375 355)
4(374 394 395 375)
4(394 414 415 395)
4(414 434 435 415)
4(434 454 455 435)
4(255 275 276 256)
4(275 295 296 276)
4(295 315 316 296)
4(315 335 336 316)
4(335 355 356 336)
4(355 375 376 356)
4(375 395 396 376)
4(395 415 416 396)
4(415 435 436 416)
4(435 455 456 436)
4(256 276 277 257)
4(276 296 297 277)
4(296 316 317 297)
4(316 336 337 317)
4(336 356 357 337)
4(356 376 377 357)
4(376 396 397 377)
4(396 416 417 397)
4(416 436 437 417)
4(436 456 457 437)
4(257 277 278 258)
4(277 297 298 278)
4(297 317 318 298)
4(317 337 338 318)
4(337 357 358 338)
4(357 377 378 358)
4(377 397 398 378)
4(397 417 418 398)
4(417 437 438 418)
4(437 457 458 438)
4(258 278 279 259)
4(278 298 299 279)
4(298 318 319 299)
4(318 338 339 319)
4(338 358 359 339)
4(358 378 379 359)
4(378 398 399 379)
4(398 418 419 399)
4(418 438 439 419)
4(438 458 459 439)
4(259 279 280 260)
4(279 299 300 280)
4(299 319 320 300)
4(319 339 340 320)
4(339 359 360 340)
4(359 379 380 360)
4(379 399 400 380)
4(399 419 420 400)
4(419 439 440 420)
4(439 459 460 440)
4(260 280 281 261)
4(280 300 301 281)
4(300 320 321 301)
4(320 340 341 321)
4(340 360 361 341)
4(360 380 381 361)
4(380 400 401 381)
4(400 420 421 401)
4(420 440 441 421)
4(440 460 461 441)
4(261 281 492 472)
4(281 301 512 492)
4(301 321 532 512)
4(321 341 552 532)
4(341 361 572 552)
4(361 381 592 572)
4(381 401 612 592)
4(401 421 632 612)
4(421 441 652 632)
4(441 461 672 652)
4(472 492 493 473)
4(492 512 513 493)
4(512 532 533 513)
4(532 552 553 533)
4(552 572 573 553)
4(572 592 593 573)
4(592 612 613 593)
4(612 632 633 613)
4(632 652 653 633)
4(652 672 673 653)
4(473 493 494 474)
4(493 513 514 494)
4(513 533 534 514)
4(533 553 554 534)
4(553 573 574 554)
4(573 593 594 574)
4(593 613 614 594)
4(613 633 634 614)
4(633 653 654 634)
4(653 673 674 654)
4(474 494 495 475)
4(494 514 515 495)
4(514 534 535 515)
4(534 554 555 535)
4(554 574 575 555)
4(574 594 595 575)
4(594 614 615 595)
4(614 634 635 615)
4(634 654 655 635)
4(654 674 675 655)
4(475 495 496 476)
4(495 515 516 496)
4(515 535 536 516)
4(535 555 556 536)
4(555 575 576 556)
4(575 595 596 576)
4(595 615 616 596)
4(615 635 636 616)
4(635 655 656 636)
4(655 675 676 656)
4(476 496 497 477)
4(496 516 517 497)
4(516 536 537 517)
4(536 556 557 537)
4(556 576 577 557)
4(576 596 597 577)
4(596 616 617 597)
4(616 636 637 617)
4(636 656 657 637)
4(656 676 677 657)
4(477 497 498 478)
4(497 517 518 498)
4(517 537 538 518)
4(537 557 558 538)
4(557 577 578 558)
4(577 597 598 578)
4(597 617 618 598)
4(617 637 638 618)
4(637 657 658 638)
4(657 677 678 658)
4(478 498 499 479)
4(498 518 519 499)
4(518 538 539 519)
4(538 558 559 539)
4(558 578 579 559)
4(578 598 599 579)
4(598 618 619 599)
4(618 638 639 619)
4(638 658 659 639)
4(658 678 679 659)
4(479 499 500 480)
4(499 519 520 500)
4(519 539 540 520)
4(539 559 560 540)
4(559 579 580 560)
4(579 599 600 580)
4(599 619 620 600)
4(619 639 640 620)
4(639 659 660 640)
4(659 679 680 660)
4(480 500 501 481)
4(500 520 521 501)
4(520 540 541 521)
4(540 560 561 541)
4(560 580 581 561)
4(580 600 601 581)
4(600 620 621 601)
4(620 640 641 621)
4(640 660 661 641)
4(660 680 681 661)
4(481 501 712 692)
4(501 521 732 712)
4(521 541 752 732)
4(541 561 772 752)
4(561 581 792 772)
4(581 601 812 792)
4(601 621 832 812)
4(621 641 852 832)
4(641 661 872 852)
4(661 681 892 872)
4(692 712 713 693)
4(712 732 733 713)
4(732 752 753 733)
4(752 772 773 753)
4(772 792 793 773)
4(792 812 813 793)
4(812 832 833 813)
4(832 852 853 833)
4(852 872 873 853)
4(872 892 893 873)
4(693 713 714 694)
4(713 733 734 714)
4(733 753 754 734)
4(753 773 774 754)
4(773 793 794 774)
4(793 813 814 794)
4(813 833 834 814)
4(833 853 854 834)
4(853 873 874 854)
4(873 893 894 874)
4(694 714 715 695)
4(714 734 735 715)
4(734 754 755 735)
4(754 774 775 755)
4(774 794 795 775)
4(794 814 815 795)
4(814 834 835 815)
4(834 854 855 835)
4(854 874 875 855)
4(874 894 895 875)
4(695 715 716 696)
4(715 735 736 716)
4(735 755 756 736)
4(755 775 776 756)
4(775 795 796 776)
4(795 815 816 796)
4(815 835 836 816)
4(835 855 856 836)
4(855 875 876 856)
4(875 895 896 876)
4(696 716 717 697)
4(716 736 737 717)
4(736 756 757 737)
4(756 776 777 757)
4(776 796 797 777)
4(796 816 817 797)
4(816 836 837 817)
4(836 856 857 837)
4(856 876 877 857)
4(876 896 897 877)
4(697 717 718 698)
4(717 737 738 718)
4(737 757 758 738)
4(757 777 778 758)
4(777 797 798 778)
4(797 817 818 798)
4(817 837 838 818)
4(837 857 858 838)
4(857 877 878 858)
4(877 897 898 878)
4(698 718 719 699)
4(718 738 739 719)
4(738 758 759 739)
4(758 778 779 759)
4(778 798 799 779)
4(798 818 819 799)
4(818 838 839 819)
4(838 858 859 839)
4(858 878 879 859)
4(878 898 899 879)
4(699 719 720 700)
4(719 739 740 720)
4(739 759 760 740)
4(759 779 780 760)
4(779 799 800 780)
4(799 819 820 800)
4(819 839 840 820)
4(839 859 860 840)
4(859 879 880 860)
4(879 899 900 880)
4(700 720 721 701)
4(720 740 741 721)
4(740 760 761 741)
4(760 780 781 761)
4(780 800 801 781)
4(800 820 821 801)
4(820 840 841 821)
4(840 860 861 841)
4(860 880 881 861)
4(880 900 901 881)
4(701 721 932 912)
4(721 741 952 932)
4(741 761 972 952)
4(761 781 992 972)
4(781 801 1012 992)
4(801 821 1032 1012)
4(821 841 1052 1032)
4(841 861 1072 1052)
4(861 881 1092 1072)
4(881 901 1112 1092)
4(912 932 933 913)
4(932 952 953 933)
4(952 972 973 953)
4(972 992 993 973)
4(992 1012 1013 993)
4(1012 1032 1033 1013)
4(1032 1052 1053 1033)
4(1052 1072 1073 1053)
4(1072 1092 1093 1073)
4(1092 1112 1113 1093)
4(913 933 934 914)
4(933 953 954 934)
4(953 973 974 954)
4(973 993 994 974)
4(993 1013 1014 994)
4(1013 1033 1034 1014)
4(1033 1053 1054 1034)
4(1053 1073 1074 1054)
4(1073 1093 1094 1074)
4(1093 1113 1114 1094)
4(914 934 935 915)
4(934 954 955 935)
4(954 974 975 955)
4(974 994 995 975)
4(994 1014 1015 995)
4(1014 1034 1035 1015)
4(1034 1054 1055 1035)
4(1054 1074 1075 1055)
4(1074 1094 1095 1075)
4(1094 1114 1115 1095)
4(915 935 936 916)
4(935 955 956 936)
4(955 975 976 956)
4(975 995 996 976)
4(995 1015 1016 996)
4(1015 1035 1036 1016)
4(1035 1055 1056 1036)
4(1055 1075 1076 1056)
4(1075 1095 1096 1076)
4(1095 1115 1116 1096)
4(916 936 937 917)
4(936 956 957 937)
4(956 976 977 957)
4(976 996 997 977)
4(996 1016 1017 997)
4(1016 1036 1037 1017)
4(1036 1056 1057 1037)
4(1056 1076 1077 1057)
4(1076 1096 1097 1077)
4(1096 1116 1117 1097)
4(917 937 938 918)
4(937 957 958 938)
4(957 977 978 958)
4(977 997 998 978)
4(997 1017 1018 998)
4(1017 1037 1038 1018)
4(1037 1057 1058 1038)
4(1057 1077 1078 1058)
4(1077 1097 1098 1078)
4(1097 1117 1118 1098)
4(918 938 939 919)
4(938 958 959 939)
4(958 978 979 959)
4(978 998 999 979)
4(998 1018 1019 999)
4(1018 1038 1039 1019)
4(1038 1058 1059 1039)
4(1058 1078 1079 1059)
4(1078 1098 1099 1079)
4(1098 1118 1119 1099)
4(919 939 940 920)
4(939 959 960 940)
4(959 979 980 960)
4(979 999 1000 980)
4(999 1019 1020 1000)
4(1019 1039 1040 1020)
4(1039 1059 1060 1040)
4(1059 1079 1080 1060)
4(1079 1099 1100 1080)
4(1099 1119 1120 1100)
4(920 940 941 921)
4(940 960 961 941)
4(960 980 981 961)
4(980 1000 1001 981)
4(1000 1020 1021 1001)
4(1020 1040 1041 1021)
4(1040 1060 1061 1041)
4(1060 1080 1081 1061)
4(1080 1100 1101 1081)
4(1100 1120 1121 1101)
4(921 941 1149 1131)
4(941 961 1167 1149)
4(961 981 1185 1167)
4(981 1001 1203 1185)
4(1001 1021 1221 1203)
4(1021 1041 1239 1221)
4(1041 1061 1257 1239)
4(1061 1081 1275 1257)
4(1081 1101 1293 1275)
4(1101 1121 1311 1293)
4(1131 1149 1150 1132)
4(1149 1167 1168 1150)
4(1167 1185 1186 1168)
4(1185 1203 1204 1186)
4(1203 1221 1222 1204)
4(1221 1239 1240 1222)
4(1239 1257 1258 1240)
4(1257 1275 1276 1258)
4(1275 1293 1294 1276)
4(1293 1311 1312 1294)
4(1132 1150 1151 1133)
4(1150 1168 1169 1151)
4(1168 1186 1187 1169)
4(1186 1204 1205 1187)
4(1204 1222 1223 1205)
4(1222 1240 1241 1223)
4(1240 1258 1259 1241)
4(1258 1276 1277 1259)
4(1276 1294 1295 1277)
4(1294 1312 1313 1295)
4(1133 1151 1152 1134)
4(1151 1169 1170 1152)
4(1169 1187 1188 1170)
4(1187 1205 1206 1188)
4(1205 1223 1224 1206)
4(1223 1241 1242 1224)
4(1241 1259 1260 1242)
4(1259 1277 1278 1260)
4(1277 1295 1296 1278)
4(1295 1313 1314 1296)
4(1134 1152 1153 1135)
4(1152 1170 1171 1153)
4(1170 1188 1189 1171)
4(1188 1206 1207 1189)
4(1206 1224 1225 1207)
4(1224 1242 1243 1225)
4(1242 1260 1261 1243)
4(1260 1278 1279 1261)
4(1278 1296 1297 1279)
4(1296 1314 1315 1297)
4(1135 1153 1154 1136)
4(1153 1171 1172 1154)
4(1171 1189 1190 1172)
4(1189 1207 1208 1190)
4(1207 1225 1226 1208)
4(1225 1243 1244 1226)
4(1243 1261 1262 1244)
4(1261 1279 1280 1262)
4(1279 1297 1298 1280)
4(1297 1315 1316 1298)
4(1136 1154 1155 1137)
4(1154 1172 1173 1155)
4(1172 1190 1191 1173)
4(1190 1208 1209 1191)
4(1208 1226 1227 1209)
4(1226 1244 1245 1227)
4(1244 1262 1263 1245)
4(1262 1280 1281 1263)
4(1280 1298 1299 1281)
4(1298 1316 1317 1299)
4(1137 1155 1156 1138)
4(1155 1173 1174 1156)
4(1173 1191 1192 1174)
4(1191 1209 1210 1192)
4(1209 1227 1228 1210)
4(1227 1245 1246 1228)
4(1245 1263 1264 1246)
4(1263 1281 1282 1264)
4(1281 1299 1300 1282)
4(1299 1317 1318 1300)
4(1138 1156 1157 1139)
4(1156 1174 1175 1157)
4(1174 1192 1193 1175)
4(1192 1210 1211 1193)
4(1210 1228 1229 1211)
4(1228 1246 1247 1229)
4(1246 1264 1265 1247)
4(1264 1282 1283 1265)
4(1282 1300 1301 1283)
4(1300 1318 1319 1301)
4(1139 1157 33 11)
4(1157 1175 55 33)
4(1175 1193 77 55)
4(1193 1211 99 77)
4(1211 1229 121 99)
4(1229 1247 143 121)
4(1247 1265 165 143)
4(1265 1283 187 165)
4(1283 1301 209 187)
4(1301 1319 231 209)
4(0 1 23 22)
4(22 23 45 44)
4(44 45 67 66)
4(66 67 89 88)
4(88 89 111 110)
4(110 111 133 132)
4(132 133 155 154)
4(154 155 177 176)
4(176 177 199 198)
4(198 199 221 220)
4(1 2 24 23)
4(23 24 46 45)
4(45 46 68 67)
4(67 68 90 89)
4(89 90 112 111)
4(111 112 134 133)
4(133 134 156 155)
4(155 156 178 177)
4(177 178 200 199)
4(199 200 222 221)
4(2 3 25 24)
4(24 25 47 46)
4(46 47 69 68)
4(68 69 91 90)
4(90 91 113 112)
4(112 113 135 134)
4(134 135 157 156)
4(156 157 179 178)
4(178 179 201 200)
4(200 201 223 222)
4(3 4 26 25)
4(25 26 48 47)
4(47 48 70 69)
4(69 70 92 91)
4(91 92 114 113)
4(113 114 136 135)
4(135 136 158 157)
4(157 158 180 179)
4(179 180 202 201)
4(201 202 224 223)
4(4 5 27 26)
4(26 27 49 48)
4(48 49 71 70)
4(70 71 93 92)
4(92 93 115 114)
4(114 115 137 136)
4(136 137 159 158)
4(158 159 181 180)
4(180 181 203 202)
4(202 203 225 224)
4(5 6 28 27)
4(27 28 50 49)
4(49 50 72 71)
4(71 72 94 93)
4(93 94 116 115)
4(115 116 138 137)
4(137 138 160 159)
4(159 160 182 181)
4(181 182 204 203)
4(203 204 226 225)
4(6 7 29 28)
4(28 29 51 50)
4(50 51 73 72)
4(72 73 95 94)
4(94 95 117 116)
4(116 117 139 138)
4(138 139 161 160)
4(160 161 183 182)
4(182 183 205 204)
4(204 205 227 226)
4(7 8 30 29)
4(29 30 52 51)
4(51 52 74 73)
4(73 74 96 95)
4(95 96 118 117)
4(117 118 140 139)
4(139 140 162 161)
4(161 162 184 183)
4(183 184 206 205)
4(205 206 228 227)
4(8 9 31 30)
4(30 31 53 52)
4(52 53 75 74)
4(74 75 97 96)
4(96 97 119 118)
4(118 119 141 140)
4(140 141 163 162)
4(162 163 185 184)
4(184 185 207 206)
4(206 207 229 228)
4(9 10 32 31)
4(31 32 54 53)
4(53 54 76 75)
4(75 76 98 97)
4(97 98 120 119)
4(119 120 142 141)
4(141 142 164 163)
4(163 164 186 185)
4(185 186 208 207)
4(207 208 230 229)
4(10 242 262 32)
4(32 262 282 54)
4(54 282 302 76)
4(76 302 322 98)
4(98 322 342 120)
4(120 342 362 142)
4(142 362 382 164)
4(164 382 402 186)
4(186 402 422 208)
4(208 422 442 230)
4(242 243 263 262)
4(262 263 283 282)
4(282 283 303 302)
4(302 303 323 322)
4(322 323 343 342)
4(342 343 363 362)
4(362 363 383 382)
4(382 383 403 402)
4(402 403 423 422)
4(422 423 443 442)
4(243 244 264 263)
4(263 264 284 283)
4(283 284 304 303)
4(303 304 324 323)
4(323 324 344 343)
4(343 344 364 363)
4(363 364 384 383)
4(383 384 404 403)
4(403 404 424 423)
4(423 424 444 443)
4(244 245 265 264)
4(264 265 285 284)
4(284 285 305 304)
4(304 305 325 324)
4(324 325 345 344)
4(344 345 365 364)
4(364 365 385 384)
4(384 385 405 404)
4(404 405 425 424)
4(424 425 445 444)
4(245 246 266 265)
4(265 266 286 285)
4(285 286 306 305)
4(305 306 326 325)
4(325 326 346 345)
4(345 346 366 365)
4(365 366 386 385)
4(385 386 406 405)
4(405 406 426 425)
4(425 426 446 445)
4(246 247 267 266)
4(266 267 287 286)
4(286 287 307 306)
4(306 307 327 326)
4(326 327 347 346)
4(346 347 367 366)
4(366 367 387 386)
4(386 387 407 406)
4(406 407 427 426)
4(426 427 447 446)
4(247 248 268 267)
4(267 268 288 287)
4(287 288 308 307)
4(307 308 328 327)
4(327 328 348 347)
4(347 348 368 367)
4(367 368 388 387)
4(387 388 408 407)
4(407 408 428 427)
4(427 428 448 447)
4(248 249 269 268)
4(268 269 289 288)
4(288 289 309 308)
4(308 309 329 328)
4(328 329 349 348)
4(348 349 369 368)
4(368 369 389 388)
4(388 389 409 408)
4(408 409 429 428)
4(428 429 449 448)
4(249 250 270 269)
4(269 270 290 289)
4(289 290 310 309)
4(309 310 330 329)
4(329 330 350 349)
4(349 350 370 369)
4(369 370 390 389)
4(389 390 410 409)
4(409 410 430 429)
4(429 430 450 449)
4(250 251 271 270)
4(270 271 291 290)
4(290 291 311 310)
4(310 311 331 330)
4(330 331 351 350)
4(350 351 371 370)
4(370 371 391 390)
4(390 391 411 410)
4(410 411 431 430)
4(430 431 451 450)
4(251 462 482 271)
4(271 482 502 291)
4(291 502 522 311)
4(311 522 542 331)
4(331 542 562 351)
4(351 562 582 371)
4(371 582 602 391)
4(391 602 622 411)
4(411 622 642 431)
4(431 642 662 451)
4(462 463 483 482)
4(482 483 503 502)
4(502 503 523 522)
4(522 523 543 542)
4(542 543 563 562)
4(562 563 583 582)
4(582 583 603 602)
4(602 603 623 622)
4(622 623 643 642)
4(642 643 663 662)
4(463 464 484 483)
4(483 484 504 503)
4(503 504 524 523)
4(523 524 544 543)
4(543 544 564 563)
4(563 564 584 583)
4(583 584 604 603)
4(603 604 624 623)
4(623 624 644 643)
4(643 644 664 663)
4(464 465 485 484)
4(484 485 505 504)
4(504 505 525 524)
4(524 525 545 544)
4(544 545 565 564)
4(564 565 585 584)
4(584 585 605 604)
4(604 605 625 624)
4(624 625 645 644)
4(644 645 665 664)
4(465 466 486 485)
4(485 486 506 505)
4(505 506 526 525)
4(525 526 546 545)
4(545 546 566 565)
4(565 566 586 585)
4(585 586 606 605)
4(605 606 626 625)
4(625 626 646 645)
4(645 646 666 665)
4(466 467 487 486)
4(486 487 507 506)
4(506 507 527 526)
4(526 527 547 546)
4(546 547 567 566)
4(566 567 587 586)
4(586 587 607 606)
4(606 607 627 626)
4(626 627 647 646)
4(646 647 667 666)
4(467 468 488 487)
4(487 488 508 507)
4(507 508 528 527)
4(527 528 548 547)
4(547 548 568 567)
4(567 568 588 587)
4(587 588 608 607)
4(607 608 628 627)
4(627 628 648 647)
4(647 648 668 667)
4(468 469 489 488)
4(488 489 509 508)
4(508 509 529 528)
4(528 529 549 548)
4(548 549 569 568)
4(568 569 589 588)
4(588 589 609 608)
4(608 609 629 628)
4(628 629 649 648)
4(648 649 669 668)
4(469 470 490 489)
4(489 490 510 509)
4(509 510 530 529)
4(529 530 550 549)
4(549 550 570 569)
4(569 570 590 589)
4(589 590 610 609)
4(609 610 630 629)
4(629 630 650 649)
4(649 650 670 669)
4(470 471 491 490)
4(490 491 511 510)
4(510 511 531 530)
4(530 531 551 550)
4(550 551 571 570)
4(570 571 591 590)
4(590 591 611 610)
4(610 611 631 630)
4(630 631 651 650)
4(650 651 671 670)
4(471 682 702 491)
4(491 702 722 511)
4(511 722 742 531)
4(531 742 762 551)
4(551 762 782 571)
4(571 782 802 591)
4(591 802 822 611)
4(611 822 842 631)
4(631 842 862 651)
4(651 862 882 671)
4(682 683 703 702)
4(702 703 723 722)
4(722 723 743 742)
4(742 743 763 762)
4(762 763 783 782)
4(782 783 803 802)
4(802 803 823 822)
4(822 823 843 842)
4(842 843 863 862)
4(862 863 883 882)
4(683 684 704 703)
4(703 704 724 723)
4(723 724 744 743)
4(743 744 764 763)
4(763 764 784 783)
4(783 784 804 803)
4(803 804 824 823)
4(823 824 844 843)
4(843 844 864 863)
4(863 864 884 883)
4(684 685 705 704)
4(704 705 725 724)
4(724 725 745 744)
4(744 745 765 764)
4(764 765 785 784)
4(784 785 805 804)
4(804 805 825 824)
4(824 825 845 844)
4(844 845 865 864)
4(864 865 885 884)
4(685 686 706 705)
4(705 706 726 725)
4(725 726 746 745)
4(745 746 766 765)
4(765 766 786 785)
4(785 786 806 805)
4(805 806 826 825)
4(825 826 846 845)
4(845 846 866 865)
4(865 866 886 885)
4(686 687 707 706)
4(706 707 727 726)
4(726 727 747 746)
4(746 747 767 766)
4(766 767 787 786)
4(786 787 807 806)
4(806 807 827 826)
4(826 827 847 846)
4(846 847 867 866)
4(866 867 887 886)
4(687 688 708 707)
4(707 708 728 727)
4(727 728 748 747)
4(747 748 768 767)
4(767 768 788 787)
4(787 788 808 807)
4(807 808 828 827)
4(827 828 848 847)
4(847 848 868 867)
4(867 868 888 887)
4(688 689 709 708)
4(708 709 729 728)
4(728 729 749 748)
4(748 749 769 768)
4(768 769 789 788)
4(788 789 809 808)
4(808 809 829 828)
4(828 829 849 848)
4(848 849 869 868)
4(868 869 889 888)
4(689 690 710 709)
4(709 710 730 729)
4(729 730 750 749)
4(749 750 770 769)
4(769 770 790 789)
4(789 790 810 809)
4(809 810 830 829)
4(829 830 850 849)
4(849 850 870 869)
4(869 870 890 889)
4(690 691 711 710)
4(710 711 731 730)
4(730 731 751 750)
4(750 751 771 770)
4(770 771 791 790)
4(790 791 811 810)
4(810 811 831 830)
4(830 831 851 850)
4(850 851 871 870)
4(870 871 891 890)
4(691 902 922 711)
4(711 922 942 731)
4(731 942 962 751)
4(751 962 982 771)
4(771 982 1002 791)
4(791 1002 1022 811)
4(811 1022 1042 831)
4(831 1042 1062 851)
4(851 1062 1082 871)
4(871 1082 1102 891)
4(902 903 923 922)
4(922 923 943 942)
4(942 943 963 962)
4(962 963 983 982)
4(982 983 1003 1002)
4(1002 1003 1023 1022)
4(1022 1023 1043 1042)
4(1042 1043 1063 1062)
4(1062 1063 1083 1082)
4(1082 1083 1103 1102)
4(903 904 924 923)
4(923 924 944 943)
4(943 944 964 963)
4(963 964 984 983)
4(983 984 1004 1003)
4(1003 1004 1024 1023)
4(1023 1024 1044 1043)
4(1043 1044 1064 1063)
4(1063 1064 1084 1083)
4(1083 1084 1104 1103)
4(904 905 925 924)
4(924 925 945 944)
4(944 945 965 964)
4(964 965 985 984)
4(984 985 1005 1004)
4(1004 1005 1025 1024)
4(1024 1025 1045 1044)
4(1044 1045 1065 1064)
4(1064 1065 1085 1084)
4(1084 1085 1105 1104)
4(905 906 926 925)
4(925 926 946 945)
4(945 946 966 965)
4(965 966 986 985)
4(985 986 1006 1005)
4(1005 1006 1026 1025)
4(1025 1026 1046 1045)
4(1045 1046 1066 1065)
4(1065 1066 1086 1085)
4(1085 1086 1106 1105)
4(906 907 927 926)
4(926 927 947 946)
4(946 947 967 966)
4(966 967 987 986)
4(986 987 1007 1006)
4(1006 1007 1027 1026)
4(1026 1027 1047 1046)
4(1046 1047 1067 1066)
4(1066 1067 1087 1086)
4(1086 1087 1107 1106)
4(907 908 928 927)
4(927 928 948 947)
4(947 948 968 967)
4(967 968 988 987)
4(987 988 1008 1007)
4(1007 1008 1028 1027)
4(1027 1028 1048 1047)
4(1047 1048 1068 1067)
4(1067 1068 1088 1087)
4(1087 1088 1108 1107)
4(908 909 929 928)
4(928 929 949 948)
4(948 949 969 968)
4(968 969 989 988)
4(988 989 1009 1008)
4(1008 1009 1029 1028)
4(1028 1029 1049 1048)
4(1048 1049 1069 1068)
4(1068 1069 1089 1088)
4(1088 1089 1109 1108)
4(909 910 930 929)
4(929 930 950 949)
4(949 950 970 969)
4(969 970 990 989)
4(989 990 1010 1009)
4(1009 1010 1030 1029)
4(1029 1030 1050 1049)
4(1049 1050 1070 1069)
4(1069 1070 1090 1089)
4(1089 1090 1110 1109)
4(910 911 931 930)
4(930 931 951 950)
4(950 951 971 970)
4(970 971 991 990)
4(990 991 1011 1010)
4(1010 1011 1031 1030)
4(1030 1031 1051 1050)
4(1050 1051 1071 1070)
4(1070 1071 1091 1090)
4(1090 1091 1111 1110)
4(911 1122 1140 931)
4(931 1140 1158 951)
4(951 1158 1176 971)
4(971 1176 1194 991)
4(991 1194 1212 1011)
4(1011 1212 1230 1031)
4(1031 1230 1248 1051)
4(1051 1248 1266 1071)
4(1071 1266 1284 1091)
4(1091 1284 1302 1111)
4(1122 1123 1141 1140)
4(1140 1141 1159 1158)
4(1158 1159 1177 1176)
4(1176 1177 1195 1194)
4(1194 1195 1213 1212)
4(1212 1213 1231 1230)
4(1230 1231 1249 1248)
4(1248 1249 1267 1266)
4(1266 1267 1285 1284)
4(1284 1285 1303 1302)
4(1123 1124 1142 1141)
4(1141 1142 1160 1159)
4(1159 1160 1178 1177)
4(1177 1178 1196 1195)
4(1195 1196 1214 1213)
4(1213 1214 1232 1231)
4(1231 1232 1250 1249)
4(1249 1250 1268 1267)
4(1267 1268 1286 1285)
4(1285 1286 1304 1303)
4(1124 1125 1143 1142)
4(1142 1143 1161 1160)
4(1160 1161 1179 1178)
4(1178 1179 1197 1196)
4(1196 1197 1215 1214)
4(1214 1215 1233 1232)
4(1232 1233 1251 1250)
4(1250 1251 1269 1268)
4(1268 1269 1287 1286)
4(1286 1287 1305 1304)
4(1125 1126 1144 1143)
4(1143 1144 1162 1161)
4(1161 1162 1180 1179)
4(1179 1180 1198 1197)
4(1197 1198 1216 1215)
4(1215 1216 1234 1233)
4(1233 1234 1252 1251)
4(1251 1252 1270 1269)
4(1269 1270 1288 1287)
4(1287 1288 1306 1305)
4(1126 1127 1145 1144)
4(1144 1145 1163 1162)
4(1162 1163 1181 1180)
4(1180 1181 1199 1198)
4(1198 1199 1217 1216)
4(1216 1217 1235 1234)
4(1234 1235 1253 1252)
4(1252 1253 1271 1270)
4(1270 1271 1289 1288)
4(1288 1289 1307 1306)
4(1127 1128 1146 1145)
4(1145 1146 1164 1163)
4(1163 1164 1182 1181)
4(1181 1182 1200 1199)
4(1199 1200 1218 1217)
4(1217 1218 1236 1235)
4(1235 1236 1254 1253)
4(1253 1254 1272 1271)
4(1271 1272 1290 1289)
4(1289 1290 1308 1307)
4(1128 1129 1147 1146)
4(1146 1147 1165 1164)
4(1164 1165 1183 1182)
4(1182 1183 1201 1200)
4(1200 1201 1219 1218)
4(1218 1219 1237 1236)
4(1236 1237 1255 1254)
4(1254 1255 1273 1272)
4(1272 1273 1291 1290)
4(1290 1291 1309 1308)
4(1129 1130 1148 1147)
4(1147 1148 1166 1165)
4(1165 1166 1184 1183)
4(1183 1184 1202 1201)
4(1201 1202 1220 1219)
4(1219 1220 1238 1237)
4(1237 1238 1256 1255)
4(1255 1256 1274 1273)
4(1273 1274 1292 1291)
4(1291 1292 1310 1309)
4(1130 0 22 1148)
4(1148 22 44 1166)
4(1166 44 66 1184)
4(1184 66 88 1202)
4(1202 88 110 1220)
4(1220 110 132 1238)
4(1238 132 154 1256)
4(1256 154 176 1274)
4(1274 176 198 1292)
4(1292 198 220 1310)
)


// ************************************************************************* //
