/*--------------------------------*- C++ -*----------------------------------*\
| =========                 |                                                 |
| \\      /  F ield         | OpenFOAM: The Open Source CFD Toolbox           |
|  \\    /   O peration     | Version:  2.3.x                                 |
|   \\  /    A nd           | Web:      www.OpenFOAM.org                      |
|    \\/     M anipulation  |                                                 |
\*---------------------------------------------------------------------------*/
FoamFile
{
    version     2.0;
    format      ascii;
    class       labelList;
    note        "nPoints: 1320 nCells: 600 nFaces: 2460 nInternalFaces: 1140";
    location    "constant/polyMesh";
    object      neighbour;
}
// * * * * * * * * * * * * * * * * * * * * * * * * * * * * * * * * * * * * * //


1140
(
1
10
509
2
11
3
12
4
13
5
14
6
15
7
16
8
17
9
18
19
100
11
20
519
12
21
13
22
14
23
15
24
16
25
17
26
18
27
19
28
29
110
21
30
529
22
31
23
32
24
33
25
34
26
35
27
36
28
37
29
38
39
120
31
40
539
32
41
33
42
34
43
35
44
36
45
37
46
38
47
39
48
49
130
41
50
549
42
51
43
52
44
53
45
54
46
55
47
56
48
57
49
58
59
140
51
60
559
52
61
53
62
54
63
55
64
56
65
57
66
58
67
59
68
69
150
61
70
569
62
71
63
72
64
73
65
74
66
75
67
76
68
77
69
78
79
160
71
80
579
72
81
73
82
74
83
75
84
76
85
77
86
78
87
79
88
89
170
81
90
589
82
91
83
92
84
93
85
94
86
95
87
96
88
97
89
98
99
180
91
599
92
93
94
95
96
97
98
99
190
101
110
102
111
103
112
104
113
105
114
106
115
107
116
108
117
109
118
119
200
111
120
112
121
113
122
114
123
115
124
116
125
117
126
118
127
119
128
129
210
121
130
122
131
123
132
124
133
125
134
126
135
127
136
128
137
129
138
139
220
131
140
132
141
133
142
134
143
135
144
136
145
137
146
138
147
139
148
149
230
141
150
142
151
143
152
144
153
145
154
146
155
147
156
148
157
149
158
159
240
151
160
152
161
153
162
154
163
155
164
156
165
157
166
158
167
159
168
169
250
161
170
162
171
163
172
164
173
165
174
166
175
167
176
168
177
169
178
179
260
171
180
172
181
173
182
174
183
175
184
176
185
177
186
178
187
179
188
189
270
181
190
182
191
183
192
184
193
185
194
186
195
187
196
188
197
189
198
199
280
191
192
193
194
195
196
197
198
199
290
201
210
202
211
203
212
204
213
205
214
206
215
207
216
208
217
209
218
219
300
211
220
212
221
213
222
214
223
215
224
216
225
217
226
218
227
219
228
229
310
221
230
222
231
223
232
224
233
225
234
226
235
227
236
228
237
229
238
239
320
231
240
232
241
233
242
234
243
235
244
236
245
237
246
238
247
239
248
249
330
241
250
242
251
243
252
244
253
245
254
246
255
247
256
248
257
249
258
259
340
251
260
252
261
253
262
254
263
255
264
256
265
257
266
258
267
259
268
269
350
261
270
262
271
263
272
264
273
265
274
266
275
267
276
268
277
269
278
279
360
271
280
272
281
273
282
274
283
275
284
276
285
277
286
278
287
279
288
289
370
281
290
282
291
283
292
284
293
285
294
286
295
287
296
288
297
289
298
299
380
291
292
293
294
295
296
297
298
299
390
301
310
302
311
303
312
304
313
305
314
306
315
307
316
308
317
309
318
319
400
311
320
312
321
313
322
314
323
315
324
316
325
317
326
318
327
319
328
329
410
321
330
322
331
323
332
324
333
325
334
326
335
327
336
328
337
329
338
339
420
331
340
332
341
333
342
334
343
335
344
336
345
337
346
338
347
339
348
349
430
341
350
342
351
343
352
344
353
345
354
346
355
347
356
348
357
349
358
359
440
351
360
352
361
353
362
354
363
355
364
356
365
357
366
358
367
359
368
369
450
361
370
362
371
363
372
364
373
365
374
366
375
367
376
368
377
369
378
379
460
371
380
372
381
373
382
374
383
375
384
376
385
377
386
378
387
379
388
389
470
381
390
382
391
383
392
384
393
385
394
386
395
387
396
388
397
389
398
399
480
391
392
393
394
395
396
397
398
399
490
401
410
402
411
403
412
404
413
405
414
406
415
407
416
408
417
409
418
419
500
411
420
412
421
413
422
414
423
415
424
416
425
417
426
418
427
419
428
429
510
421
430
422
431
423
432
424
433
425
434
426
435
427
436
428
437
429
438
439
520
431
440
432
441
433
442
434
443
435
444
436
445
437
446
438
447
439
448
449
530
441
450
442
451
443
452
444
453
445
454
446
455
447
456
448
457
449
458
459
540
451
460
452
461
453
462
454
463
455
464
456
465
457
466
458
467
459
468
469
550
461
470
462
471
463
472
464
473
465
474
466
475
467
476
468
477
469
478
479
560
471
480
472
481
473
482
474
483
475
484
476
485
477
486
478
487
479
488
489
570
481
490
482
491
483
492
484
493
485
494
486
495
487
496
488
497
489
498
499
580
491
492
493
494
495
496
497
498
499
590
501
510
502
511
503
512
504
513
505
514
506
515
507
516
508
517
509
518
519
511
520
512
521
513
522
514
523
515
524
516
525
517
526
518
527
519
528
529
521
530
522
531
523
532
524
533
525
534
526
535
527
536
528
537
529
538
539
531
540
532
541
533
542
534
543
535
544
536
545
537
546
538
547
539
548
549
541
550
542
551
543
552
544
553
545
554
546
555
547
556
548
557
549
558
559
551
560
552
561
553
562
554
563
555
564
556
565
557
566
558
567
559
568
569
561
570
562
571
563
572
564
573
565
574
566
575
567
576
568
577
569
578
579
571
580
572
581
573
582
574
583
575
584
576
585
577
586
578
587
579
588
589
581
590
582
591
583
592
584
593
585
594
586
595
587
596
588
597
589
598
599
591
592
593
594
595
596
597
598
599
)


// ************************************************************************* //
