/*--------------------------------*- C++ -*----------------------------------*\
| =========                 |                                                 |
| \\      /  F ield         | OpenFOAM: The Open Source CFD Toolbox           |
|  \\    /   O peration     | Version:  2.3.x                                 |
|   \\  /    A nd           | Web:      www.OpenFOAM.org                      |
|    \\/     M anipulation  |                                                 |
\*---------------------------------------------------------------------------*/
FoamFile
{
    version     2.0;
    format      ascii;
    class       vectorField;
    location    "constant/polyMesh";
    object      points;
}
// * * * * * * * * * * * * * * * * * * * * * * * * * * * * * * * * * * * * * //


1320
(
(2.551347498e-16 2.5 -0.1)
(-0.2613211582 2.486304738 -0.1)
(-0.519779227 2.445369002 -0.1)
(-0.7725424859 2.377641291 -0.1)
(-1.016841608 2.283863644 -0.1)
(-1.25 2.165063509 -0.1)
(-1.469463131 2.022542486 -0.1)
(-1.672826516 1.857862064 -0.1)
(-1.857862064 1.672826516 -0.1)
(-2.022542486 1.469463131 -0.1)
(-2.165063509 1.25 -0.1)
(2.551347498e-16 2.5 0.1)
(-0.2613211582 2.486304738 0.1)
(-0.519779227 2.445369002 0.1)
(-0.7725424859 2.377641291 0.1)
(-1.016841608 2.283863644 0.1)
(-1.25 2.165063509 0.1)
(-1.469463131 2.022542486 0.1)
(-1.672826516 1.857862064 0.1)
(-1.857862064 1.672826516 0.1)
(-2.022542486 1.469463131 0.1)
(-2.165063509 1.25 0.1)
(2.296212748e-16 3.25 -0.1)
(-0.3351890424 3.237674265 -0.1)
(-0.6678013043 3.200832102 -0.1)
(-0.9952882373 3.139877162 -0.1)
(-1.315157447 3.05547728 -0.1)
(-1.625 2.948557159 -0.1)
(-1.922516818 2.820288237 -0.1)
(-2.205543864 2.672075857 -0.1)
(-2.472075857 2.505543864 -0.1)
(-2.720288237 2.322516818 -0.1)
(-2.948557159 2.125 -0.1)
(2.296212748e-16 3.25 0.1)
(-0.3351890424 3.237674265 0.1)
(-0.6678013043 3.200832102 0.1)
(-0.9952882373 3.139877162 0.1)
(-1.315157447 3.05547728 0.1)
(-1.625 2.948557159 0.1)
(-1.922516818 2.820288237 0.1)
(-2.205543864 2.672075857 0.1)
(-2.472075857 2.505543864 0.1)
(-2.720288237 2.322516818 0.1)
(-2.948557159 2.125 0.1)
(2.041077999e-16 4 -0.1)
(-0.4090569265 3.989043791 -0.1)
(-0.8158233816 3.956295201 -0.1)
(-1.218033989 3.902113033 -0.1)
(-1.613473286 3.827090915 -0.1)
(-2 3.732050808 -0.1)
(-2.375570505 3.618033989 -0.1)
(-2.738261213 3.486289651 -0.1)
(-3.086289651 3.338261213 -0.1)
(-3.418033989 3.175570505 -0.1)
(-3.732050808 3 -0.1)
(2.041077999e-16 4 0.1)
(-0.4090569265 3.989043791 0.1)
(-0.8158233816 3.956295201 0.1)
(-1.218033989 3.902113033 0.1)
(-1.613473286 3.827090915 0.1)
(-2 3.732050808 0.1)
(-2.375570505 3.618033989 0.1)
(-2.738261213 3.486289651 0.1)
(-3.086289651 3.338261213 0.1)
(-3.418033989 3.175570505 0.1)
(-3.732050808 3 0.1)
(1.785943249e-16 4.75 -0.1)
(-0.4829248107 4.740413317 -0.1)
(-0.9638454589 4.711758301 -0.1)
(-1.44077974 4.664348904 -0.1)
(-1.911789125 4.598704551 -0.1)
(-2.375 4.515544457 -0.1)
(-2.828624192 4.41577974 -0.1)
(-3.270978561 4.300503445 -0.1)
(-3.700503445 4.170978561 -0.1)
(-4.11577974 4.028624192 -0.1)
(-4.515544457 3.875 -0.1)
(1.785943249e-16 4.75 0.1)
(-0.4829248107 4.740413317 0.1)
(-0.9638454589 4.711758301 0.1)
(-1.44077974 4.664348904 0.1)
(-1.911789125 4.598704551 0.1)
(-2.375 4.515544457 0.1)
(-2.828624192 4.41577974 0.1)
(-3.270978561 4.300503445 0.1)
(-3.700503445 4.170978561 0.1)
(-4.11577974 4.028624192 0.1)
(-4.515544457 3.875 0.1)
(1.530808499e-16 5.5 -0.1)
(-0.5567926949 5.491782843 -0.1)
(-1.111867536 5.467221401 -0.1)
(-1.663525492 5.426584774 -0.1)
(-2.210104965 5.370318186 -0.1)
(-2.75 5.299038106 -0.1)
(-3.281677878 5.213525492 -0.1)
(-3.80369591 5.114717238 -0.1)
(-4.314717238 5.00369591 -0.1)
(-4.813525492 4.881677878 -0.1)
(-5.299038106 4.75 -0.1)
(1.530808499e-16 5.5 0.1)
(-0.5567926949 5.491782843 0.1)
(-1.111867536 5.467221401 0.1)
(-1.663525492 5.426584774 0.1)
(-2.210104965 5.370318186 0.1)
(-2.75 5.299038106 0.1)
(-3.281677878 5.213525492 0.1)
(-3.80369591 5.114717238 0.1)
(-4.314717238 5.00369591 0.1)
(-4.813525492 4.881677878 0.1)
(-5.299038106 4.75 0.1)
(1.275673749e-16 6.25 -0.1)
(-0.6306605791 6.243152369 -0.1)
(-1.259889614 6.222684501 -0.1)
(-1.886271243 6.188820645 -0.1)
(-2.508420804 6.141931822 -0.1)
(-3.125 6.082531755 -0.1)
(-3.734731565 6.011271243 -0.1)
(-4.336413258 5.928931032 -0.1)
(-4.928931032 5.836413258 -0.1)
(-5.511271243 5.734731565 -0.1)
(-6.082531755 5.625 -0.1)
(1.275673749e-16 6.25 0.1)
(-0.6306605791 6.243152369 0.1)
(-1.259889614 6.222684501 0.1)
(-1.886271243 6.188820645 0.1)
(-2.508420804 6.141931822 0.1)
(-3.125 6.082531755 0.1)
(-3.734731565 6.011271243 0.1)
(-4.336413258 5.928931032 0.1)
(-4.928931032 5.836413258 0.1)
(-5.511271243 5.734731565 0.1)
(-6.082531755 5.625 0.1)
(1.020538999e-16 7 -0.1)
(-0.7045284633 6.994521895 -0.1)
(-1.407911691 6.978147601 -0.1)
(-2.109016994 6.951056516 -0.1)
(-2.806736643 6.913545458 -0.1)
(-3.5 6.866025404 -0.1)
(-4.187785252 6.809016994 -0.1)
(-4.869130606 6.743144825 -0.1)
(-5.543144825 6.669130606 -0.1)
(-6.209016994 6.587785252 -0.1)
(-6.866025404 6.5 -0.1)
(1.020538999e-16 7 0.1)
(-0.7045284633 6.994521895 0.1)
(-1.407911691 6.978147601 0.1)
(-2.109016994 6.951056516 0.1)
(-2.806736643 6.913545458 0.1)
(-3.5 6.866025404 0.1)
(-4.187785252 6.809016994 0.1)
(-4.869130606 6.743144825 0.1)
(-5.543144825 6.669130606 0.1)
(-6.209016994 6.587785252 0.1)
(-6.866025404 6.5 0.1)
(7.654042495e-17 7.75 -0.1)
(-0.7783963475 7.745891422 -0.1)
(-1.555933768 7.733610701 -0.1)
(-2.331762746 7.713292387 -0.1)
(-3.105052482 7.685159093 -0.1)
(-3.875 7.649519053 -0.1)
(-4.640838939 7.606762746 -0.1)
(-5.401847955 7.557358619 -0.1)
(-6.157358619 7.501847955 -0.1)
(-6.906762746 7.440838939 -0.1)
(-7.649519053 7.375 -0.1)
(7.654042495e-17 7.75 0.1)
(-0.7783963475 7.745891422 0.1)
(-1.555933768 7.733610701 0.1)
(-2.331762746 7.713292387 0.1)
(-3.105052482 7.685159093 0.1)
(-3.875 7.649519053 0.1)
(-4.640838939 7.606762746 0.1)
(-5.401847955 7.557358619 0.1)
(-6.157358619 7.501847955 0.1)
(-6.906762746 7.440838939 0.1)
(-7.649519053 7.375 0.1)
(5.102694996e-17 8.5 -0.1)
(-0.8522642316 8.497260948 -0.1)
(-1.703955845 8.4890738 -0.1)
(-2.554508497 8.475528258 -0.1)
(-3.403368322 8.456772729 -0.1)
(-4.25 8.433012702 -0.1)
(-5.093892626 8.404508497 -0.1)
(-5.934565303 8.371572413 -0.1)
(-6.771572413 8.334565303 -0.1)
(-7.604508497 8.293892626 -0.1)
(-8.433012702 8.25 -0.1)
(5.102694996e-17 8.5 0.1)
(-0.8522642316 8.497260948 0.1)
(-1.703955845 8.4890738 0.1)
(-2.554508497 8.475528258 0.1)
(-3.403368322 8.456772729 0.1)
(-4.25 8.433012702 0.1)
(-5.093892626 8.404508497 0.1)
(-5.934565303 8.371572413 0.1)
(-6.771572413 8.334565303 0.1)
(-7.604508497 8.293892626 0.1)
(-8.433012702 8.25 0.1)
(2.551347498e-17 9.25 -0.1)
(-0.9261321158 9.248630474 -0.1)
(-1.851977923 9.2445369 -0.1)
(-2.777254249 9.237764129 -0.1)
(-3.701684161 9.228386364 -0.1)
(-4.625 9.216506351 -0.1)
(-5.546946313 9.202254249 -0.1)
(-6.467282652 9.185786206 -0.1)
(-7.385786206 9.167282652 -0.1)
(-8.302254249 9.146946313 -0.1)
(-9.216506351 9.125 -0.1)
(2.551347498e-17 9.25 0.1)
(-0.9261321158 9.248630474 0.1)
(-1.851977923 9.2445369 0.1)
(-2.777254249 9.237764129 0.1)
(-3.701684161 9.228386364 0.1)
(-4.625 9.216506351 0.1)
(-5.546946313 9.202254249 0.1)
(-6.467282652 9.185786206 0.1)
(-7.385786206 9.167282652 0.1)
(-8.302254249 9.146946313 0.1)
(-9.216506351 9.125 0.1)
(0 10 -0.1)
(-1 10 -0.1)
(-2 10 -0.1)
(-3 10 -0.1)
(-4 10 -0.1)
(-5 10 -0.1)
(-6 10 -0.1)
(-7 10 -0.1)
(-8 10 -0.1)
(-9 10 -0.1)
(-10 10 -0.1)
(0 10 0.1)
(-1 10 0.1)
(-2 10 0.1)
(-3 10 0.1)
(-4 10 0.1)
(-5 10 0.1)
(-6 10 0.1)
(-7 10 0.1)
(-8 10 0.1)
(-9 10 0.1)
(-10 10 0.1)
(-2.283863644 1.016841608 -0.1)
(-2.377641291 0.7725424859 -0.1)
(-2.445369002 0.519779227 -0.1)
(-2.486304738 0.2613211582 -0.1)
(-2.5 0 -0.1)
(-2.486304738 -0.2613211582 -0.1)
(-2.445369002 -0.519779227 -0.1)
(-2.377641291 -0.7725424859 -0.1)
(-2.283863644 -1.016841608 -0.1)
(-2.165063509 -1.25 -0.1)
(-2.283863644 1.016841608 0.1)
(-2.377641291 0.7725424859 0.1)
(-2.445369002 0.519779227 0.1)
(-2.486304738 0.2613211582 0.1)
(-2.5 0 0.1)
(-2.486304738 -0.2613211582 0.1)
(-2.445369002 -0.519779227 0.1)
(-2.377641291 -0.7725424859 0.1)
(-2.283863644 -1.016841608 0.1)
(-2.165063509 -1.25 0.1)
(-3.05547728 1.715157447 -0.1)
(-3.139877162 1.295288237 -0.1)
(-3.200832102 0.8678013043 -0.1)
(-3.237674265 0.4351890424 -0.1)
(-3.25 0 -0.1)
(-3.237674265 -0.4351890424 -0.1)
(-3.200832102 -0.8678013043 -0.1)
(-3.139877162 -1.295288237 -0.1)
(-3.05547728 -1.715157447 -0.1)
(-2.948557159 -2.125 -0.1)
(-3.05547728 1.715157447 0.1)
(-3.139877162 1.295288237 0.1)
(-3.200832102 0.8678013043 0.1)
(-3.237674265 0.4351890424 0.1)
(-3.25 0 0.1)
(-3.237674265 -0.4351890424 0.1)
(-3.200832102 -0.8678013043 0.1)
(-3.139877162 -1.295288237 0.1)
(-3.05547728 -1.715157447 0.1)
(-2.948557159 -2.125 0.1)
(-3.827090915 2.413473286 -0.1)
(-3.902113033 1.818033989 -0.1)
(-3.956295201 1.215823382 -0.1)
(-3.989043791 0.6090569265 -0.1)
(-4 0 -0.1)
(-3.989043791 -0.6090569265 -0.1)
(-3.956295201 -1.215823382 -0.1)
(-3.902113033 -1.818033989 -0.1)
(-3.827090915 -2.413473286 -0.1)
(-3.732050808 -3 -0.1)
(-3.827090915 2.413473286 0.1)
(-3.902113033 1.818033989 0.1)
(-3.956295201 1.215823382 0.1)
(-3.989043791 0.6090569265 0.1)
(-4 0 0.1)
(-3.989043791 -0.6090569265 0.1)
(-3.956295201 -1.215823382 0.1)
(-3.902113033 -1.818033989 0.1)
(-3.827090915 -2.413473286 0.1)
(-3.732050808 -3 0.1)
(-4.598704551 3.111789125 -0.1)
(-4.664348904 2.34077974 -0.1)
(-4.711758301 1.563845459 -0.1)
(-4.740413317 0.7829248107 -0.1)
(-4.75 0 -0.1)
(-4.740413317 -0.7829248107 -0.1)
(-4.711758301 -1.563845459 -0.1)
(-4.664348904 -2.34077974 -0.1)
(-4.598704551 -3.111789125 -0.1)
(-4.515544457 -3.875 -0.1)
(-4.598704551 3.111789125 0.1)
(-4.664348904 2.34077974 0.1)
(-4.711758301 1.563845459 0.1)
(-4.740413317 0.7829248107 0.1)
(-4.75 0 0.1)
(-4.740413317 -0.7829248107 0.1)
(-4.711758301 -1.563845459 0.1)
(-4.664348904 -2.34077974 0.1)
(-4.598704551 -3.111789125 0.1)
(-4.515544457 -3.875 0.1)
(-5.370318186 3.810104965 -0.1)
(-5.426584774 2.863525492 -0.1)
(-5.467221401 1.911867536 -0.1)
(-5.491782843 0.9567926949 -0.1)
(-5.5 0 -0.1)
(-5.491782843 -0.9567926949 -0.1)
(-5.467221401 -1.911867536 -0.1)
(-5.426584774 -2.863525492 -0.1)
(-5.370318186 -3.810104965 -0.1)
(-5.299038106 -4.75 -0.1)
(-5.370318186 3.810104965 0.1)
(-5.426584774 2.863525492 0.1)
(-5.467221401 1.911867536 0.1)
(-5.491782843 0.9567926949 0.1)
(-5.5 0 0.1)
(-5.491782843 -0.9567926949 0.1)
(-5.467221401 -1.911867536 0.1)
(-5.426584774 -2.863525492 0.1)
(-5.370318186 -3.810104965 0.1)
(-5.299038106 -4.75 0.1)
(-6.141931822 4.508420804 -0.1)
(-6.188820645 3.386271243 -0.1)
(-6.222684501 2.259889614 -0.1)
(-6.243152369 1.130660579 -0.1)
(-6.25 0 -0.1)
(-6.243152369 -1.130660579 -0.1)
(-6.222684501 -2.259889614 -0.1)
(-6.188820645 -3.386271243 -0.1)
(-6.141931822 -4.508420804 -0.1)
(-6.082531755 -5.625 -0.1)
(-6.141931822 4.508420804 0.1)
(-6.188820645 3.386271243 0.1)
(-6.222684501 2.259889614 0.1)
(-6.243152369 1.130660579 0.1)
(-6.25 0 0.1)
(-6.243152369 -1.130660579 0.1)
(-6.222684501 -2.259889614 0.1)
(-6.188820645 -3.386271243 0.1)
(-6.141931822 -4.508420804 0.1)
(-6.082531755 -5.625 0.1)
(-6.913545458 5.206736643 -0.1)
(-6.951056516 3.909016994 -0.1)
(-6.978147601 2.607911691 -0.1)
(-6.994521895 1.304528463 -0.1)
(-7 0 -0.1)
(-6.994521895 -1.304528463 -0.1)
(-6.978147601 -2.607911691 -0.1)
(-6.951056516 -3.909016994 -0.1)
(-6.913545458 -5.206736643 -0.1)
(-6.866025404 -6.5 -0.1)
(-6.913545458 5.206736643 0.1)
(-6.951056516 3.909016994 0.1)
(-6.978147601 2.607911691 0.1)
(-6.994521895 1.304528463 0.1)
(-7 0 0.1)
(-6.994521895 -1.304528463 0.1)
(-6.978147601 -2.607911691 0.1)
(-6.951056516 -3.909016994 0.1)
(-6.913545458 -5.206736643 0.1)
(-6.866025404 -6.5 0.1)
(-7.685159093 5.905052482 -0.1)
(-7.713292387 4.431762746 -0.1)
(-7.733610701 2.955933768 -0.1)
(-7.745891422 1.478396347 -0.1)
(-7.75 0 -0.1)
(-7.745891422 -1.478396347 -0.1)
(-7.733610701 -2.955933768 -0.1)
(-7.713292387 -4.431762746 -0.1)
(-7.685159093 -5.905052482 -0.1)
(-7.649519053 -7.375 -0.1)
(-7.685159093 5.905052482 0.1)
(-7.713292387 4.431762746 0.1)
(-7.733610701 2.955933768 0.1)
(-7.745891422 1.478396347 0.1)
(-7.75 0 0.1)
(-7.745891422 -1.478396347 0.1)
(-7.733610701 -2.955933768 0.1)
(-7.713292387 -4.431762746 0.1)
(-7.685159093 -5.905052482 0.1)
(-7.649519053 -7.375 0.1)
(-8.456772729 6.603368322 -0.1)
(-8.475528258 4.954508497 -0.1)
(-8.4890738 3.303955845 -0.1)
(-8.497260948 1.652264232 -0.1)
(-8.5 0 -0.1)
(-8.497260948 -1.652264232 -0.1)
(-8.4890738 -3.303955845 -0.1)
(-8.475528258 -4.954508497 -0.1)
(-8.456772729 -6.603368322 -0.1)
(-8.433012702 -8.25 -0.1)
(-8.456772729 6.603368322 0.1)
(-8.475528258 4.954508497 0.1)
(-8.4890738 3.303955845 0.1)
(-8.497260948 1.652264232 0.1)
(-8.5 0 0.1)
(-8.497260948 -1.652264232 0.1)
(-8.4890738 -3.303955845 0.1)
(-8.475528258 -4.954508497 0.1)
(-8.456772729 -6.603368322 0.1)
(-8.433012702 -8.25 0.1)
(-9.228386364 7.301684161 -0.1)
(-9.237764129 5.477254249 -0.1)
(-9.2445369 3.651977923 -0.1)
(-9.248630474 1.826132116 -0.1)
(-9.25 0 -0.1)
(-9.248630474 -1.826132116 -0.1)
(-9.2445369 -3.651977923 -0.1)
(-9.237764129 -5.477254249 -0.1)
(-9.228386364 -7.301684161 -0.1)
(-9.216506351 -9.125 -0.1)
(-9.228386364 7.301684161 0.1)
(-9.237764129 5.477254249 0.1)
(-9.2445369 3.651977923 0.1)
(-9.248630474 1.826132116 0.1)
(-9.25 0 0.1)
(-9.248630474 -1.826132116 0.1)
(-9.2445369 -3.651977923 0.1)
(-9.237764129 -5.477254249 0.1)
(-9.228386364 -7.301684161 0.1)
(-9.216506351 -9.125 0.1)
(-10 8 -0.1)
(-10 6 -0.1)
(-10 4 -0.1)
(-10 2 -0.1)
(-10 0 -0.1)
(-10 -2 -0.1)
(-10 -4 -0.1)
(-10 -6 -0.1)
(-10 -8 -0.1)
(-10 -10 -0.1)
(-10 8 0.1)
(-10 6 0.1)
(-10 4 0.1)
(-10 2 0.1)
(-10 0 0.1)
(-10 -2 0.1)
(-10 -4 0.1)
(-10 -6 0.1)
(-10 -8 0.1)
(-10 -10 0.1)
(-2.022542486 -1.469463131 -0.1)
(-1.857862064 -1.672826516 -0.1)
(-1.672826516 -1.857862064 -0.1)
(-1.469463131 -2.022542486 -0.1)
(-1.25 -2.165063509 -0.1)
(-1.016841608 -2.283863644 -0.1)
(-0.7725424859 -2.377641291 -0.1)
(-0.519779227 -2.445369002 -0.1)
(-0.2613211582 -2.486304738 -0.1)
(-2.679688599e-15 -2.5 -0.1)
(-2.022542486 -1.469463131 0.1)
(-1.857862064 -1.672826516 0.1)
(-1.672826516 -1.857862064 0.1)
(-1.469463131 -2.022542486 0.1)
(-1.25 -2.165063509 0.1)
(-1.016841608 -2.283863644 0.1)
(-0.7725424859 -2.377641291 0.1)
(-0.519779227 -2.445369002 0.1)
(-0.2613211582 -2.486304738 0.1)
(-2.679688599e-15 -2.5 0.1)
(-2.720288237 -2.322516818 -0.1)
(-2.472075857 -2.505543864 -0.1)
(-2.205543864 -2.672075857 -0.1)
(-1.922516818 -2.820288237 -0.1)
(-1.625 -2.948557159 -0.1)
(-1.315157447 -3.05547728 -0.1)
(-0.9952882373 -3.139877162 -0.1)
(-0.6678013043 -3.200832102 -0.1)
(-0.3351890424 -3.237674265 -0.1)
(-2.411719739e-15 -3.25 -0.1)
(-2.720288237 -2.322516818 0.1)
(-2.472075857 -2.505543864 0.1)
(-2.205543864 -2.672075857 0.1)
(-1.922516818 -2.820288237 0.1)
(-1.625 -2.948557159 0.1)
(-1.315157447 -3.05547728 0.1)
(-0.9952882373 -3.139877162 0.1)
(-0.6678013043 -3.200832102 0.1)
(-0.3351890424 -3.237674265 0.1)
(-2.411719739e-15 -3.25 0.1)
(-3.418033989 -3.175570505 -0.1)
(-3.086289651 -3.338261213 -0.1)
(-2.738261213 -3.486289651 -0.1)
(-2.375570505 -3.618033989 -0.1)
(-2 -3.732050808 -0.1)
(-1.613473286 -3.827090915 -0.1)
(-1.218033989 -3.902113033 -0.1)
(-0.8158233816 -3.956295201 -0.1)
(-0.4090569265 -3.989043791 -0.1)
(-2.143750879e-15 -4 -0.1)
(-3.418033989 -3.175570505 0.1)
(-3.086289651 -3.338261213 0.1)
(-2.738261213 -3.486289651 0.1)
(-2.375570505 -3.618033989 0.1)
(-2 -3.732050808 0.1)
(-1.613473286 -3.827090915 0.1)
(-1.218033989 -3.902113033 0.1)
(-0.8158233816 -3.956295201 0.1)
(-0.4090569265 -3.989043791 0.1)
(-2.143750879e-15 -4 0.1)
(-4.11577974 -4.028624192 -0.1)
(-3.700503445 -4.170978561 -0.1)
(-3.270978561 -4.300503445 -0.1)
(-2.828624192 -4.41577974 -0.1)
(-2.375 -4.515544457 -0.1)
(-1.911789125 -4.598704551 -0.1)
(-1.44077974 -4.664348904 -0.1)
(-0.9638454589 -4.711758301 -0.1)
(-0.4829248107 -4.740413317 -0.1)
(-1.875782019e-15 -4.75 -0.1)
(-4.11577974 -4.028624192 0.1)
(-3.700503445 -4.170978561 0.1)
(-3.270978561 -4.300503445 0.1)
(-2.828624192 -4.41577974 0.1)
(-2.375 -4.515544457 0.1)
(-1.911789125 -4.598704551 0.1)
(-1.44077974 -4.664348904 0.1)
(-0.9638454589 -4.711758301 0.1)
(-0.4829248107 -4.740413317 0.1)
(-1.875782019e-15 -4.75 0.1)
(-4.813525492 -4.881677878 -0.1)
(-4.314717238 -5.00369591 -0.1)
(-3.80369591 -5.114717238 -0.1)
(-3.281677878 -5.213525492 -0.1)
(-2.75 -5.299038106 -0.1)
(-2.210104965 -5.370318186 -0.1)
(-1.663525492 -5.426584774 -0.1)
(-1.111867536 -5.467221401 -0.1)
(-0.5567926949 -5.491782843 -0.1)
(-1.607813159e-15 -5.5 -0.1)
(-4.813525492 -4.881677878 0.1)
(-4.314717238 -5.00369591 0.1)
(-3.80369591 -5.114717238 0.1)
(-3.281677878 -5.213525492 0.1)
(-2.75 -5.299038106 0.1)
(-2.210104965 -5.370318186 0.1)
(-1.663525492 -5.426584774 0.1)
(-1.111867536 -5.467221401 0.1)
(-0.5567926949 -5.491782843 0.1)
(-1.607813159e-15 -5.5 0.1)
(-5.511271243 -5.734731565 -0.1)
(-4.928931032 -5.836413258 -0.1)
(-4.336413258 -5.928931032 -0.1)
(-3.734731565 -6.011271243 -0.1)
(-3.125 -6.082531755 -0.1)
(-2.508420804 -6.141931822 -0.1)
(-1.886271243 -6.188820645 -0.1)
(-1.259889614 -6.222684501 -0.1)
(-0.6306605791 -6.243152369 -0.1)
(-1.339844299e-15 -6.25 -0.1)
(-5.511271243 -5.734731565 0.1)
(-4.928931032 -5.836413258 0.1)
(-4.336413258 -5.928931032 0.1)
(-3.734731565 -6.011271243 0.1)
(-3.125 -6.082531755 0.1)
(-2.508420804 -6.141931822 0.1)
(-1.886271243 -6.188820645 0.1)
(-1.259889614 -6.222684501 0.1)
(-0.6306605791 -6.243152369 0.1)
(-1.339844299e-15 -6.25 0.1)
(-6.209016994 -6.587785252 -0.1)
(-5.543144825 -6.669130606 -0.1)
(-4.869130606 -6.743144825 -0.1)
(-4.187785252 -6.809016994 -0.1)
(-3.5 -6.866025404 -0.1)
(-2.806736643 -6.913545458 -0.1)
(-2.109016994 -6.951056516 -0.1)
(-1.407911691 -6.978147601 -0.1)
(-0.7045284633 -6.994521895 -0.1)
(-1.07187544e-15 -7 -0.1)
(-6.209016994 -6.587785252 0.1)
(-5.543144825 -6.669130606 0.1)
(-4.869130606 -6.743144825 0.1)
(-4.187785252 -6.809016994 0.1)
(-3.5 -6.866025404 0.1)
(-2.806736643 -6.913545458 0.1)
(-2.109016994 -6.951056516 0.1)
(-1.407911691 -6.978147601 0.1)
(-0.7045284633 -6.994521895 0.1)
(-1.07187544e-15 -7 0.1)
(-6.906762746 -7.440838939 -0.1)
(-6.157358619 -7.501847955 -0.1)
(-5.401847955 -7.557358619 -0.1)
(-4.640838939 -7.606762746 -0.1)
(-3.875 -7.649519053 -0.1)
(-3.105052482 -7.685159093 -0.1)
(-2.331762746 -7.713292387 -0.1)
(-1.555933768 -7.733610701 -0.1)
(-0.7783963475 -7.745891422 -0.1)
(-8.039065797e-16 -7.75 -0.1)
(-6.906762746 -7.440838939 0.1)
(-6.157358619 -7.501847955 0.1)
(-5.401847955 -7.557358619 0.1)
(-4.640838939 -7.606762746 0.1)
(-3.875 -7.649519053 0.1)
(-3.105052482 -7.685159093 0.1)
(-2.331762746 -7.713292387 0.1)
(-1.555933768 -7.733610701 0.1)
(-0.7783963475 -7.745891422 0.1)
(-8.039065797e-16 -7.75 0.1)
(-7.604508497 -8.293892626 -0.1)
(-6.771572413 -8.334565303 -0.1)
(-5.934565303 -8.371572413 -0.1)
(-5.093892626 -8.404508497 -0.1)
(-4.25 -8.433012702 -0.1)
(-3.403368322 -8.456772729 -0.1)
(-2.554508497 -8.475528258 -0.1)
(-1.703955845 -8.4890738 -0.1)
(-0.8522642316 -8.497260948 -0.1)
(-5.359377198e-16 -8.5 -0.1)
(-7.604508497 -8.293892626 0.1)
(-6.771572413 -8.334565303 0.1)
(-5.934565303 -8.371572413 0.1)
(-5.093892626 -8.404508497 0.1)
(-4.25 -8.433012702 0.1)
(-3.403368322 -8.456772729 0.1)
(-2.554508497 -8.475528258 0.1)
(-1.703955845 -8.4890738 0.1)
(-0.8522642316 -8.497260948 0.1)
(-5.359377198e-16 -8.5 0.1)
(-8.302254249 -9.146946313 -0.1)
(-7.385786206 -9.167282652 -0.1)
(-6.467282652 -9.185786206 -0.1)
(-5.546946313 -9.202254249 -0.1)
(-4.625 -9.216506351 -0.1)
(-3.701684161 -9.228386364 -0.1)
(-2.777254249 -9.237764129 -0.1)
(-1.851977923 -9.2445369 -0.1)
(-0.9261321158 -9.248630474 -0.1)
(-2.679688599e-16 -9.25 -0.1)
(-8.302254249 -9.146946313 0.1)
(-7.385786206 -9.167282652 0.1)
(-6.467282652 -9.185786206 0.1)
(-5.546946313 -9.202254249 0.1)
(-4.625 -9.216506351 0.1)
(-3.701684161 -9.228386364 0.1)
(-2.777254249 -9.237764129 0.1)
(-1.851977923 -9.2445369 0.1)
(-0.9261321158 -9.248630474 0.1)
(-2.679688599e-16 -9.25 0.1)
(-9 -10 -0.1)
(-8 -10 -0.1)
(-7 -10 -0.1)
(-6 -10 -0.1)
(-5 -10 -0.1)
(-4 -10 -0.1)
(-3 -10 -0.1)
(-2 -10 -0.1)
(-1 -10 -0.1)
(0 -10 -0.1)
(-9 -10 0.1)
(-8 -10 0.1)
(-7 -10 0.1)
(-6 -10 0.1)
(-5 -10 0.1)
(-4 -10 0.1)
(-3 -10 0.1)
(-2 -10 0.1)
(-1 -10 0.1)
(0 -10 0.1)
(0.2613211582 -2.486304738 -0.1)
(0.519779227 -2.445369002 -0.1)
(0.7725424859 -2.377641291 -0.1)
(1.016841608 -2.283863644 -0.1)
(1.25 -2.165063509 -0.1)
(1.469463131 -2.022542486 -0.1)
(1.672826516 -1.857862064 -0.1)
(1.857862064 -1.672826516 -0.1)
(2.022542486 -1.469463131 -0.1)
(2.165063509 -1.25 -0.1)
(0.2613211582 -2.486304738 0.1)
(0.519779227 -2.445369002 0.1)
(0.7725424859 -2.377641291 0.1)
(1.016841608 -2.283863644 0.1)
(1.25 -2.165063509 0.1)
(1.469463131 -2.022542486 0.1)
(1.672826516 -1.857862064 0.1)
(1.857862064 -1.672826516 0.1)
(2.022542486 -1.469463131 0.1)
(2.165063509 -1.25 0.1)
(0.3351890424 -3.237674265 -0.1)
(0.6678013043 -3.200832102 -0.1)
(0.9952882373 -3.139877162 -0.1)
(1.315157447 -3.05547728 -0.1)
(1.625 -2.948557159 -0.1)
(1.922516818 -2.820288237 -0.1)
(2.205543864 -2.672075857 -0.1)
(2.472075857 -2.505543864 -0.1)
(2.720288237 -2.322516818 -0.1)
(2.948557159 -2.125 -0.1)
(0.3351890424 -3.237674265 0.1)
(0.6678013043 -3.200832102 0.1)
(0.9952882373 -3.139877162 0.1)
(1.315157447 -3.05547728 0.1)
(1.625 -2.948557159 0.1)
(1.922516818 -2.820288237 0.1)
(2.205543864 -2.672075857 0.1)
(2.472075857 -2.505543864 0.1)
(2.720288237 -2.322516818 0.1)
(2.948557159 -2.125 0.1)
(0.4090569265 -3.989043791 -0.1)
(0.8158233816 -3.956295201 -0.1)
(1.218033989 -3.902113033 -0.1)
(1.613473286 -3.827090915 -0.1)
(2 -3.732050808 -0.1)
(2.375570505 -3.618033989 -0.1)
(2.738261213 -3.486289651 -0.1)
(3.086289651 -3.338261213 -0.1)
(3.418033989 -3.175570505 -0.1)
(3.732050808 -3 -0.1)
(0.4090569265 -3.989043791 0.1)
(0.8158233816 -3.956295201 0.1)
(1.218033989 -3.902113033 0.1)
(1.613473286 -3.827090915 0.1)
(2 -3.732050808 0.1)
(2.375570505 -3.618033989 0.1)
(2.738261213 -3.486289651 0.1)
(3.086289651 -3.338261213 0.1)
(3.418033989 -3.175570505 0.1)
(3.732050808 -3 0.1)
(0.4829248107 -4.740413317 -0.1)
(0.9638454589 -4.711758301 -0.1)
(1.44077974 -4.664348904 -0.1)
(1.911789125 -4.598704551 -0.1)
(2.375 -4.515544457 -0.1)
(2.828624192 -4.41577974 -0.1)
(3.270978561 -4.300503445 -0.1)
(3.700503445 -4.170978561 -0.1)
(4.11577974 -4.028624192 -0.1)
(4.515544457 -3.875 -0.1)
(0.4829248107 -4.740413317 0.1)
(0.9638454589 -4.711758301 0.1)
(1.44077974 -4.664348904 0.1)
(1.911789125 -4.598704551 0.1)
(2.375 -4.515544457 0.1)
(2.828624192 -4.41577974 0.1)
(3.270978561 -4.300503445 0.1)
(3.700503445 -4.170978561 0.1)
(4.11577974 -4.028624192 0.1)
(4.515544457 -3.875 0.1)
(0.5567926949 -5.491782843 -0.1)
(1.111867536 -5.467221401 -0.1)
(1.663525492 -5.426584774 -0.1)
(2.210104965 -5.370318186 -0.1)
(2.75 -5.299038106 -0.1)
(3.281677878 -5.213525492 -0.1)
(3.80369591 -5.114717238 -0.1)
(4.314717238 -5.00369591 -0.1)
(4.813525492 -4.881677878 -0.1)
(5.299038106 -4.75 -0.1)
(0.5567926949 -5.491782843 0.1)
(1.111867536 -5.467221401 0.1)
(1.663525492 -5.426584774 0.1)
(2.210104965 -5.370318186 0.1)
(2.75 -5.299038106 0.1)
(3.281677878 -5.213525492 0.1)
(3.80369591 -5.114717238 0.1)
(4.314717238 -5.00369591 0.1)
(4.813525492 -4.881677878 0.1)
(5.299038106 -4.75 0.1)
(0.6306605791 -6.243152369 -0.1)
(1.259889614 -6.222684501 -0.1)
(1.886271243 -6.188820645 -0.1)
(2.508420804 -6.141931822 -0.1)
(3.125 -6.082531755 -0.1)
(3.734731565 -6.011271243 -0.1)
(4.336413258 -5.928931032 -0.1)
(4.928931032 -5.836413258 -0.1)
(5.511271243 -5.734731565 -0.1)
(6.082531755 -5.625 -0.1)
(0.6306605791 -6.243152369 0.1)
(1.259889614 -6.222684501 0.1)
(1.886271243 -6.188820645 0.1)
(2.508420804 -6.141931822 0.1)
(3.125 -6.082531755 0.1)
(3.734731565 -6.011271243 0.1)
(4.336413258 -5.928931032 0.1)
(4.928931032 -5.836413258 0.1)
(5.511271243 -5.734731565 0.1)
(6.082531755 -5.625 0.1)
(0.7045284633 -6.994521895 -0.1)
(1.407911691 -6.978147601 -0.1)
(2.109016994 -6.951056516 -0.1)
(2.806736643 -6.913545458 -0.1)
(3.5 -6.866025404 -0.1)
(4.187785252 -6.809016994 -0.1)
(4.869130606 -6.743144825 -0.1)
(5.543144825 -6.669130606 -0.1)
(6.209016994 -6.587785252 -0.1)
(6.866025404 -6.5 -0.1)
(0.7045284633 -6.994521895 0.1)
(1.407911691 -6.978147601 0.1)
(2.109016994 -6.951056516 0.1)
(2.806736643 -6.913545458 0.1)
(3.5 -6.866025404 0.1)
(4.187785252 -6.809016994 0.1)
(4.869130606 -6.743144825 0.1)
(5.543144825 -6.669130606 0.1)
(6.209016994 -6.587785252 0.1)
(6.866025404 -6.5 0.1)
(0.7783963475 -7.745891422 -0.1)
(1.555933768 -7.733610701 -0.1)
(2.331762746 -7.713292387 -0.1)
(3.105052482 -7.685159093 -0.1)
(3.875 -7.649519053 -0.1)
(4.640838939 -7.606762746 -0.1)
(5.401847955 -7.557358619 -0.1)
(6.157358619 -7.501847955 -0.1)
(6.906762746 -7.440838939 -0.1)
(7.649519053 -7.375 -0.1)
(0.7783963475 -7.745891422 0.1)
(1.555933768 -7.733610701 0.1)
(2.331762746 -7.713292387 0.1)
(3.105052482 -7.685159093 0.1)
(3.875 -7.649519053 0.1)
(4.640838939 -7.606762746 0.1)
(5.401847955 -7.557358619 0.1)
(6.157358619 -7.501847955 0.1)
(6.906762746 -7.440838939 0.1)
(7.649519053 -7.375 0.1)
(0.8522642316 -8.497260948 -0.1)
(1.703955845 -8.4890738 -0.1)
(2.554508497 -8.475528258 -0.1)
(3.403368322 -8.456772729 -0.1)
(4.25 -8.433012702 -0.1)
(5.093892626 -8.404508497 -0.1)
(5.934565303 -8.371572413 -0.1)
(6.771572413 -8.334565303 -0.1)
(7.604508497 -8.293892626 -0.1)
(8.433012702 -8.25 -0.1)
(0.8522642316 -8.497260948 0.1)
(1.703955845 -8.4890738 0.1)
(2.554508497 -8.475528258 0.1)
(3.403368322 -8.456772729 0.1)
(4.25 -8.433012702 0.1)
(5.093892626 -8.404508497 0.1)
(5.934565303 -8.371572413 0.1)
(6.771572413 -8.334565303 0.1)
(7.604508497 -8.293892626 0.1)
(8.433012702 -8.25 0.1)
(0.9261321158 -9.248630474 -0.1)
(1.851977923 -9.2445369 -0.1)
(2.777254249 -9.237764129 -0.1)
(3.701684161 -9.228386364 -0.1)
(4.625 -9.216506351 -0.1)
(5.546946313 -9.202254249 -0.1)
(6.467282652 -9.185786206 -0.1)
(7.385786206 -9.167282652 -0.1)
(8.302254249 -9.146946313 -0.1)
(9.216506351 -9.125 -0.1)
(0.9261321158 -9.248630474 0.1)
(1.851977923 -9.2445369 0.1)
(2.777254249 -9.237764129 0.1)
(3.701684161 -9.228386364 0.1)
(4.625 -9.216506351 0.1)
(5.546946313 -9.202254249 0.1)
(6.467282652 -9.185786206 0.1)
(7.385786206 -9.167282652 0.1)
(8.302254249 -9.146946313 0.1)
(9.216506351 -9.125 0.1)
(1 -10 -0.1)
(2 -10 -0.1)
(3 -10 -0.1)
(4 -10 -0.1)
(5 -10 -0.1)
(6 -10 -0.1)
(7 -10 -0.1)
(8 -10 -0.1)
(9 -10 -0.1)
(10 -10 -0.1)
(1 -10 0.1)
(2 -10 0.1)
(3 -10 0.1)
(4 -10 0.1)
(5 -10 0.1)
(6 -10 0.1)
(7 -10 0.1)
(8 -10 0.1)
(9 -10 0.1)
(10 -10 0.1)
(2.283863644 -1.016841608 -0.1)
(2.377641291 -0.7725424859 -0.1)
(2.445369002 -0.519779227 -0.1)
(2.486304738 -0.2613211582 -0.1)
(2.5 0 -0.1)
(2.486304738 0.2613211582 -0.1)
(2.445369002 0.519779227 -0.1)
(2.377641291 0.7725424859 -0.1)
(2.283863644 1.016841608 -0.1)
(2.165063509 1.25 -0.1)
(2.283863644 -1.016841608 0.1)
(2.377641291 -0.7725424859 0.1)
(2.445369002 -0.519779227 0.1)
(2.486304738 -0.2613211582 0.1)
(2.5 0 0.1)
(2.486304738 0.2613211582 0.1)
(2.445369002 0.519779227 0.1)
(2.377641291 0.7725424859 0.1)
(2.283863644 1.016841608 0.1)
(2.165063509 1.25 0.1)
(3.05547728 -1.715157447 -0.1)
(3.139877162 -1.295288237 -0.1)
(3.200832102 -0.8678013043 -0.1)
(3.237674265 -0.4351890424 -0.1)
(3.25 0 -0.1)
(3.237674265 0.4351890424 -0.1)
(3.200832102 0.8678013043 -0.1)
(3.139877162 1.295288237 -0.1)
(3.05547728 1.715157447 -0.1)
(2.948557159 2.125 -0.1)
(3.05547728 -1.715157447 0.1)
(3.139877162 -1.295288237 0.1)
(3.200832102 -0.8678013043 0.1)
(3.237674265 -0.4351890424 0.1)
(3.25 0 0.1)
(3.237674265 0.4351890424 0.1)
(3.200832102 0.8678013043 0.1)
(3.139877162 1.295288237 0.1)
(3.05547728 1.715157447 0.1)
(2.948557159 2.125 0.1)
(3.827090915 -2.413473286 -0.1)
(3.902113033 -1.818033989 -0.1)
(3.956295201 -1.215823382 -0.1)
(3.989043791 -0.6090569265 -0.1)
(4 0 -0.1)
(3.989043791 0.6090569265 -0.1)
(3.956295201 1.215823382 -0.1)
(3.902113033 1.818033989 -0.1)
(3.827090915 2.413473286 -0.1)
(3.732050808 3 -0.1)
(3.827090915 -2.413473286 0.1)
(3.902113033 -1.818033989 0.1)
(3.956295201 -1.215823382 0.1)
(3.989043791 -0.6090569265 0.1)
(4 0 0.1)
(3.989043791 0.6090569265 0.1)
(3.956295201 1.215823382 0.1)
(3.902113033 1.818033989 0.1)
(3.827090915 2.413473286 0.1)
(3.732050808 3 0.1)
(4.598704551 -3.111789125 -0.1)
(4.664348904 -2.34077974 -0.1)
(4.711758301 -1.563845459 -0.1)
(4.740413317 -0.7829248107 -0.1)
(4.75 0 -0.1)
(4.740413317 0.7829248107 -0.1)
(4.711758301 1.563845459 -0.1)
(4.664348904 2.34077974 -0.1)
(4.598704551 3.111789125 -0.1)
(4.515544457 3.875 -0.1)
(4.598704551 -3.111789125 0.1)
(4.664348904 -2.34077974 0.1)
(4.711758301 -1.563845459 0.1)
(4.740413317 -0.7829248107 0.1)
(4.75 0 0.1)
(4.740413317 0.7829248107 0.1)
(4.711758301 1.563845459 0.1)
(4.664348904 2.34077974 0.1)
(4.598704551 3.111789125 0.1)
(4.515544457 3.875 0.1)
(5.370318186 -3.810104965 -0.1)
(5.426584774 -2.863525492 -0.1)
(5.467221401 -1.911867536 -0.1)
(5.491782843 -0.9567926949 -0.1)
(5.5 0 -0.1)
(5.491782843 0.9567926949 -0.1)
(5.467221401 1.911867536 -0.1)
(5.426584774 2.863525492 -0.1)
(5.370318186 3.810104965 -0.1)
(5.299038106 4.75 -0.1)
(5.370318186 -3.810104965 0.1)
(5.426584774 -2.863525492 0.1)
(5.467221401 -1.911867536 0.1)
(5.491782843 -0.9567926949 0.1)
(5.5 0 0.1)
(5.491782843 0.9567926949 0.1)
(5.467221401 1.911867536 0.1)
(5.426584774 2.863525492 0.1)
(5.370318186 3.810104965 0.1)
(5.299038106 4.75 0.1)
(6.141931822 -4.508420804 -0.1)
(6.188820645 -3.386271243 -0.1)
(6.222684501 -2.259889614 -0.1)
(6.243152369 -1.130660579 -0.1)
(6.25 0 -0.1)
(6.243152369 1.130660579 -0.1)
(6.222684501 2.259889614 -0.1)
(6.188820645 3.386271243 -0.1)
(6.141931822 4.508420804 -0.1)
(6.082531755 5.625 -0.1)
(6.141931822 -4.508420804 0.1)
(6.188820645 -3.386271243 0.1)
(6.222684501 -2.259889614 0.1)
(6.243152369 -1.130660579 0.1)
(6.25 0 0.1)
(6.243152369 1.130660579 0.1)
(6.222684501 2.259889614 0.1)
(6.188820645 3.386271243 0.1)
(6.141931822 4.508420804 0.1)
(6.082531755 5.625 0.1)
(6.913545458 -5.206736643 -0.1)
(6.951056516 -3.909016994 -0.1)
(6.978147601 -2.607911691 -0.1)
(6.994521895 -1.304528463 -0.1)
(7 0 -0.1)
(6.994521895 1.304528463 -0.1)
(6.978147601 2.607911691 -0.1)
(6.951056516 3.909016994 -0.1)
(6.913545458 5.206736643 -0.1)
(6.866025404 6.5 -0.1)
(6.913545458 -5.206736643 0.1)
(6.951056516 -3.909016994 0.1)
(6.978147601 -2.607911691 0.1)
(6.994521895 -1.304528463 0.1)
(7 0 0.1)
(6.994521895 1.304528463 0.1)
(6.978147601 2.607911691 0.1)
(6.951056516 3.909016994 0.1)
(6.913545458 5.206736643 0.1)
(6.866025404 6.5 0.1)
(7.685159093 -5.905052482 -0.1)
(7.713292387 -4.431762746 -0.1)
(7.733610701 -2.955933768 -0.1)
(7.745891422 -1.478396347 -0.1)
(7.75 0 -0.1)
(7.745891422 1.478396347 -0.1)
(7.733610701 2.955933768 -0.1)
(7.713292387 4.431762746 -0.1)
(7.685159093 5.905052482 -0.1)
(7.649519053 7.375 -0.1)
(7.685159093 -5.905052482 0.1)
(7.713292387 -4.431762746 0.1)
(7.733610701 -2.955933768 0.1)
(7.745891422 -1.478396347 0.1)
(7.75 0 0.1)
(7.745891422 1.478396347 0.1)
(7.733610701 2.955933768 0.1)
(7.713292387 4.431762746 0.1)
(7.685159093 5.905052482 0.1)
(7.649519053 7.375 0.1)
(8.456772729 -6.603368322 -0.1)
(8.475528258 -4.954508497 -0.1)
(8.4890738 -3.303955845 -0.1)
(8.497260948 -1.652264232 -0.1)
(8.5 0 -0.1)
(8.497260948 1.652264232 -0.1)
(8.4890738 3.303955845 -0.1)
(8.475528258 4.954508497 -0.1)
(8.456772729 6.603368322 -0.1)
(8.433012702 8.25 -0.1)
(8.456772729 -6.603368322 0.1)
(8.475528258 -4.954508497 0.1)
(8.4890738 -3.303955845 0.1)
(8.497260948 -1.652264232 0.1)
(8.5 0 0.1)
(8.497260948 1.652264232 0.1)
(8.4890738 3.303955845 0.1)
(8.475528258 4.954508497 0.1)
(8.456772729 6.603368322 0.1)
(8.433012702 8.25 0.1)
(9.228386364 -7.301684161 -0.1)
(9.237764129 -5.477254249 -0.1)
(9.2445369 -3.651977923 -0.1)
(9.248630474 -1.826132116 -0.1)
(9.25 0 -0.1)
(9.248630474 1.826132116 -0.1)
(9.2445369 3.651977923 -0.1)
(9.237764129 5.477254249 -0.1)
(9.228386364 7.301684161 -0.1)
(9.216506351 9.125 -0.1)
(9.228386364 -7.301684161 0.1)
(9.237764129 -5.477254249 0.1)
(9.2445369 -3.651977923 0.1)
(9.248630474 -1.826132116 0.1)
(9.25 0 0.1)
(9.248630474 1.826132116 0.1)
(9.2445369 3.651977923 0.1)
(9.237764129 5.477254249 0.1)
(9.228386364 7.301684161 0.1)
(9.216506351 9.125 0.1)
(10 -8 -0.1)
(10 -6 -0.1)
(10 -4 -0.1)
(10 -2 -0.1)
(10 0 -0.1)
(10 2 -0.1)
(10 4 -0.1)
(10 6 -0.1)
(10 8 -0.1)
(10 10 -0.1)
(10 -8 0.1)
(10 -6 0.1)
(10 -4 0.1)
(10 -2 0.1)
(10 0 0.1)
(10 2 0.1)
(10 4 0.1)
(10 6 0.1)
(10 8 0.1)
(10 10 0.1)
(2.022542486 1.469463131 -0.1)
(1.857862064 1.672826516 -0.1)
(1.672826516 1.857862064 -0.1)
(1.469463131 2.022542486 -0.1)
(1.25 2.165063509 -0.1)
(1.016841608 2.283863644 -0.1)
(0.7725424859 2.377641291 -0.1)
(0.519779227 2.445369002 -0.1)
(0.2613211582 2.486304738 -0.1)
(2.022542486 1.469463131 0.1)
(1.857862064 1.672826516 0.1)
(1.672826516 1.857862064 0.1)
(1.469463131 2.022542486 0.1)
(1.25 2.165063509 0.1)
(1.016841608 2.283863644 0.1)
(0.7725424859 2.377641291 0.1)
(0.519779227 2.445369002 0.1)
(0.2613211582 2.486304738 0.1)
(2.720288237 2.322516818 -0.1)
(2.472075857 2.505543864 -0.1)
(2.205543864 2.672075857 -0.1)
(1.922516818 2.820288237 -0.1)
(1.625 2.948557159 -0.1)
(1.315157447 3.05547728 -0.1)
(0.9952882373 3.139877162 -0.1)
(0.6678013043 3.200832102 -0.1)
(0.3351890424 3.237674265 -0.1)
(2.720288237 2.322516818 0.1)
(2.472075857 2.505543864 0.1)
(2.205543864 2.672075857 0.1)
(1.922516818 2.820288237 0.1)
(1.625 2.948557159 0.1)
(1.315157447 3.05547728 0.1)
(0.9952882373 3.139877162 0.1)
(0.6678013043 3.200832102 0.1)
(0.3351890424 3.237674265 0.1)
(3.418033989 3.175570505 -0.1)
(3.086289651 3.338261213 -0.1)
(2.738261213 3.486289651 -0.1)
(2.375570505 3.618033989 -0.1)
(2 3.732050808 -0.1)
(1.613473286 3.827090915 -0.1)
(1.218033989 3.902113033 -0.1)
(0.8158233816 3.956295201 -0.1)
(0.4090569265 3.989043791 -0.1)
(3.418033989 3.175570505 0.1)
(3.086289651 3.338261213 0.1)
(2.738261213 3.486289651 0.1)
(2.375570505 3.618033989 0.1)
(2 3.732050808 0.1)
(1.613473286 3.827090915 0.1)
(1.218033989 3.902113033 0.1)
(0.8158233816 3.956295201 0.1)
(0.4090569265 3.989043791 0.1)
(4.11577974 4.028624192 -0.1)
(3.700503445 4.170978561 -0.1)
(3.270978561 4.300503445 -0.1)
(2.828624192 4.41577974 -0.1)
(2.375 4.515544457 -0.1)
(1.911789125 4.598704551 -0.1)
(1.44077974 4.664348904 -0.1)
(0.9638454589 4.711758301 -0.1)
(0.4829248107 4.740413317 -0.1)
(4.11577974 4.028624192 0.1)
(3.700503445 4.170978561 0.1)
(3.270978561 4.300503445 0.1)
(2.828624192 4.41577974 0.1)
(2.375 4.515544457 0.1)
(1.911789125 4.598704551 0.1)
(1.44077974 4.664348904 0.1)
(0.9638454589 4.711758301 0.1)
(0.4829248107 4.740413317 0.1)
(4.813525492 4.881677878 -0.1)
(4.314717238 5.00369591 -0.1)
(3.80369591 5.114717238 -0.1)
(3.281677878 5.213525492 -0.1)
(2.75 5.299038106 -0.1)
(2.210104965 5.370318186 -0.1)
(1.663525492 5.426584774 -0.1)
(1.111867536 5.467221401 -0.1)
(0.5567926949 5.491782843 -0.1)
(4.813525492 4.881677878 0.1)
(4.314717238 5.00369591 0.1)
(3.80369591 5.114717238 0.1)
(3.281677878 5.213525492 0.1)
(2.75 5.299038106 0.1)
(2.210104965 5.370318186 0.1)
(1.663525492 5.426584774 0.1)
(1.111867536 5.467221401 0.1)
(0.5567926949 5.491782843 0.1)
(5.511271243 5.734731565 -0.1)
(4.928931032 5.836413258 -0.1)
(4.336413258 5.928931032 -0.1)
(3.734731565 6.011271243 -0.1)
(3.125 6.082531755 -0.1)
(2.508420804 6.141931822 -0.1)
(1.886271243 6.188820645 -0.1)
(1.259889614 6.222684501 -0.1)
(0.6306605791 6.243152369 -0.1)
(5.511271243 5.734731565 0.1)
(4.928931032 5.836413258 0.1)
(4.336413258 5.928931032 0.1)
(3.734731565 6.011271243 0.1)
(3.125 6.082531755 0.1)
(2.508420804 6.141931822 0.1)
(1.886271243 6.188820645 0.1)
(1.259889614 6.222684501 0.1)
(0.6306605791 6.243152369 0.1)
(6.209016994 6.587785252 -0.1)
(5.543144825 6.669130606 -0.1)
(4.869130606 6.743144825 -0.1)
(4.187785252 6.809016994 -0.1)
(3.5 6.866025404 -0.1)
(2.806736643 6.913545458 -0.1)
(2.109016994 6.951056516 -0.1)
(1.407911691 6.978147601 -0.1)
(0.7045284633 6.994521895 -0.1)
(6.209016994 6.587785252 0.1)
(5.543144825 6.669130606 0.1)
(4.869130606 6.743144825 0.1)
(4.187785252 6.809016994 0.1)
(3.5 6.866025404 0.1)
(2.806736643 6.913545458 0.1)
(2.109016994 6.951056516 0.1)
(1.407911691 6.978147601 0.1)
(0.7045284633 6.994521895 0.1)
(6.906762746 7.440838939 -0.1)
(6.157358619 7.501847955 -0.1)
(5.401847955 7.557358619 -0.1)
(4.640838939 7.606762746 -0.1)
(3.875 7.649519053 -0.1)
(3.105052482 7.685159093 -0.1)
(2.331762746 7.713292387 -0.1)
(1.555933768 7.733610701 -0.1)
(0.7783963475 7.745891422 -0.1)
(6.906762746 7.440838939 0.1)
(6.157358619 7.501847955 0.1)
(5.401847955 7.557358619 0.1)
(4.640838939 7.606762746 0.1)
(3.875 7.649519053 0.1)
(3.105052482 7.685159093 0.1)
(2.331762746 7.713292387 0.1)
(1.555933768 7.733610701 0.1)
(0.7783963475 7.745891422 0.1)
(7.604508497 8.293892626 -0.1)
(6.771572413 8.334565303 -0.1)
(5.934565303 8.371572413 -0.1)
(5.093892626 8.404508497 -0.1)
(4.25 8.433012702 -0.1)
(3.403368322 8.456772729 -0.1)
(2.554508497 8.475528258 -0.1)
(1.703955845 8.4890738 -0.1)
(0.8522642316 8.497260948 -0.1)
(7.604508497 8.293892626 0.1)
(6.771572413 8.334565303 0.1)
(5.934565303 8.371572413 0.1)
(5.093892626 8.404508497 0.1)
(4.25 8.433012702 0.1)
(3.403368322 8.456772729 0.1)
(2.554508497 8.475528258 0.1)
(1.703955845 8.4890738 0.1)
(0.8522642316 8.497260948 0.1)
(8.302254249 9.146946313 -0.1)
(7.385786206 9.167282652 -0.1)
(6.467282652 9.185786206 -0.1)
(5.546946313 9.202254249 -0.1)
(4.625 9.216506351 -0.1)
(3.701684161 9.228386364 -0.1)
(2.777254249 9.237764129 -0.1)
(1.851977923 9.2445369 -0.1)
(0.9261321158 9.248630474 -0.1)
(8.302254249 9.146946313 0.1)
(7.385786206 9.167282652 0.1)
(6.467282652 9.185786206 0.1)
(5.546946313 9.202254249 0.1)
(4.625 9.216506351 0.1)
(3.701684161 9.228386364 0.1)
(2.777254249 9.237764129 0.1)
(1.851977923 9.2445369 0.1)
(0.9261321158 9.248630474 0.1)
(9 10 -0.1)
(8 10 -0.1)
(7 10 -0.1)
(6 10 -0.1)
(5 10 -0.1)
(4 10 -0.1)
(3 10 -0.1)
(2 10 -0.1)
(1 10 -0.1)
(9 10 0.1)
(8 10 0.1)
(7 10 0.1)
(6 10 0.1)
(5 10 0.1)
(4 10 0.1)
(3 10 0.1)
(2 10 0.1)
(1 10 0.1)
)


// ************************************************************************* //
